
	Waiting,	Receiving data,	Solving systems,	Sending data,	Total
	 0.040790,	 0.021811,	 0.007873,	 0.000062,	 0.076230
	 0.085613,	 0.017400,	 0.003385,	 0.000050,	 0.189485
	 0.072472,	 0.056045,	 0.001024,	 0.000057,	 0.319260
	 0.092591,	 0.054068,	 0.001372,	 0.000054,	 0.467515
	 0.068261,	 0.056311,	 0.001031,	 0.000052,	 0.593333
	 0.089130,	 0.053480,	 0.001927,	 0.000063,	 0.738201
	 0.071548,	 0.056589,	 0.001123,	 0.000056,	 0.867696
	 0.078075,	 0.056218,	 0.001364,	 0.000068,	 1.003599
	 0.072221,	 0.064262,	 0.000981,	 0.000053,	 1.141293
	 0.086536,	 0.054110,	 0.001425,	 0.000072,	 1.283604
	 0.068158,	 0.056412,	 0.001038,	 0.000057,	 1.409452
	 0.082397,	 0.054104,	 0.001352,	 0.000052,	 1.547522
	 0.060367,	 0.056319,	 0.000940,	 0.000053,	 1.665380
	 0.082552,	 0.053989,	 0.001368,	 0.000056,	 1.803525
	 0.074226,	 0.054465,	 0.000951,	 0.000053,	 1.933398
	 0.080373,	 0.054365,	 0.001328,	 0.000071,	 2.069701
	 0.078305,	 0.056013,	 0.001074,	 0.000053,	 2.205320
	 0.094502,	 0.054043,	 0.001398,	 0.000053,	 2.355495
	 0.072435,	 0.056229,	 0.001035,	 0.000057,	 2.485433
	 0.082609,	 0.055884,	 0.001388,	 0.000058,	 2.625540
	 0.058211,	 0.054457,	 0.001028,	 0.000053,	 2.739471
	 0.080359,	 0.054097,	 0.001394,	 0.000054,	 2.875542
	 0.066213,	 0.054253,	 0.001084,	 0.000054,	 2.997341
	 0.086481,	 0.054043,	 0.001422,	 0.000054,	 3.139523
	 0.068274,	 0.056483,	 0.001067,	 0.000082,	 3.265620
	 0.084223,	 0.054020,	 0.001388,	 0.000054,	 3.405485
	 0.062290,	 0.054250,	 0.001079,	 0.000054,	 3.523333
	 0.088570,	 0.058014,	 0.001381,	 0.000054,	 3.671521
	 0.058260,	 0.056312,	 0.001050,	 0.000052,	 3.787357
	 0.086427,
	Waiting,	Receiving data,	Solving systems,	Sending data,	Total
	 0.041026,	 0.019628,	 0.007869,	 0.000063,	 0.073206
	 0.083751,	 0.013574,	 0.003649,	 0.000052,	 0.180926
	 0.076059,	 0.054249,	 0.000961,	 0.000056,	 0.312411
	 0.078879,	 0.055640,	 0.001417,	 0.000053,	 0.448564
	 0.076354,	 0.054252,	 0.001035,	 0.000052,	 0.580434
	 0.080502,	 0.054202,	 0.001375,	 0.000069,	 0.716745
	 0.078273,	 0.058294,	 0.000962,	 0.000058,	 0.854504
	 0.082419,	 0.054345,	 0.001323,	 0.000051,	 0.993111
	 0.073779,	 0.054291,	 0.001014,	 0.000051,	 1.122416
	 0.084498,	 0.054167,	 0.001397,	 0.000050,	 1.262690
	 0.080283,	 0.056416,	 0.001041,	 0.000051,	 1.400642
	 0.084436,	 0.054200,	 0.001327,	 0.000062,	 1.540848
	 0.076125,	 0.058336,	 0.000997,	 0.000053,	 1.676529
	 0.084389,	 0.056097,	 0.001427,	 0.000053,	 1.818671
	 0.068247,	 0.056357,	 0.000976,	 0.000050,	 1.944474
	 0.082530,	 0.056076,	 0.001381,	 0.000054,	 2.084682
	 0.072243,	 0.054265,	 0.001018,	 0.000052,	 2.212432
	 0.084550,	 0.054161,	 0.001349,	 0.000050,	 2.352705
	 0.073123,	 0.053399,	 0.000994,	 0.000051,	 2.480450
	 0.086483,	 0.058159,	 0.001392,	 0.000055,	 2.626705
	 0.068291,	 0.054234,	 0.000991,	 0.000053,	 2.750452
	 0.090466,	 0.056098,	 0.001414,	 0.000056,	 2.898662
	 0.058268,	 0.054259,	 0.001014,	 0.000051,	 3.012424
	 0.090525,	 0.054203,	 0.001379,	 0.000069,	 3.158762
	 0.080176,	 0.056393,	 0.001038,	 0.000056,	 3.296605
	 0.088514,	 0.056026,	 0.001350,	 0.000054,	 3.442713
	 0.074239,	 0.056199,	 0.001010,	 0.000052,	 3.574412
	 0.082503,	 0.056229,	 0.001373,	 0.000071,	 3.714754
	 0.070164,	 0.058323,	 0.001012,	 0.000052,	 3.844468
	 0.078447,	 0.054302,	 0.001382,	 0.000065,	 3.978844
	 0.056175,	 0.054218,	 0.000976,	 0.000052,	 4.090424
	 0.088908,	 0.059731,	 0.001397,	 0.000053,	 4.240676
	 0.072267,	 0.054225,	 0.001028,	 0.000053,	 4.368422
	 0.084551,	 0.056098,	 0.001383,	 0.000054,	 4.510672
	 0.072303,	 0.054334,	 0.001008,	 0.000054,	 4.638545
	 0.096374,	 0.056162,	 0.001375,	 0.000055,	 4.792688
	 0.066302,	 0.062317,	 0.001007,	 0.000054,	 4.922545
	 0.086382,	 0.054213,	 0.001366,	 0.000067,	 5.064746
	 0.058245,	 0.058381,	 0.000995,	 0.000053,	 5.182586
	 0.090387,	 0.054042,	 0.001425,	 0.000055,	 5.328678
	 0.064239,	 0.058330,	 0.000967,	 0.000053,	 5.452427
	 0.088502,	 0.056151,	 0.001368,	 0.000052,	 5.598659
	 0.072316,	 0.058194,	 0.001021,	 0.000052,	 5.730419
	 0.086759,	 0.053896,	 0.001376,	 0.000053,	 5.872686
	 0.070211,	 0.054286,	 0.001051,	 0.000052,	 5.998459
	 0.080461,	 0.056258,	 0.001370,	 0.000070,	 6.136778
	 0.072178,	 0.054359,	 0.000984,	 0.000051,	 6.264520
	 0.080406,	 0.054159,	 0.001376,	 0.000052,	 6.400688
	 0.072272,	 0.056281,	 0.001042,	 0.000051,	 6.530496
	 0.082991,	 0.055621,	 0.001977,	 0.000062,	 6.671402
	 0.073517,	 0.054257,	 0.001061,	 0.000053,	 6.800463
	 0.086500,	 0.054050,	 0.001432,	 0.000055,	 6.942676
	 0.056260,	 0.054307,	 0.000988,	 0.000052,	 7.054444
	 0.078500,	 0.056317,	 0.001368,	 0.000050,	 7.190852
	 0.068127,	 0.058196,	 0.001030,	 0.000053,	 7.318431
	 0.096589,	 0.053995,	 0.001436,	 0.000055,	 7.470682
	 0.078291,	 0.056208,	 0.001046,	 0.000053,	 7.606456
	 0.084459,	 0.056230,	 0.001359,	 0.000052,	 7.748718
	 0.078202,	 0.056368,	 0.000994,	 0.000054,	 7.884526
	 0.082446,	 0.058172,	 0.001373,	 0.000071,	 8.026750
	 0.060167,	 0.060315,	 0.000979,	 0.000052,	 8.148428
	 0.090597,	 0.054122,	 0.001357,	 0.000070,	 8.294738
	 0.070173,	 0.054463,	 0.000988,	 0.000052,	 8.420579
	 0.080387,	 0.058255,	 0.001402,	 0.000054,	 8.560852
	 0.074125,	 0.056192,	 0.001029,	 0.000053,	 8.692425
	 0.086494,	 0.054170,	 0.001374,	 0.000053,	 8.834678
	 0.070236,	 0.060266,	 0.001027,	 0.000052,	 8.966431
	 0.086509,	 0.054066,	 0.001483,	 0.000069,	 9.108736
	 0.058260,	 0.054515,	 0.001118,	 0.000055,	 9.222862
	 0.088101,	 0.054654,	 0.001408,	 0.000051,	 9.367251
	 0.073717,	 0.054273,	 0.001049,	 0.000054,	 9.496504
	 0.090540,	 0.053961,	 0.001433,	 0.000050,	 9.642663
	 0.068272,	 0.054379,	 0.000980,	 0.000052,	 9.766520
	 0.088441,	 0.054178,	 0.001387,	 0.000071,	 9.910759
	 0.076283,	 0.054192,	 0.001010,	 0.000052,	 10.042490
	 0.090431,	 0.054315,	 0.001408,	 0.000055,	 10.188876
	 0.072082,	 0.054419,	 0.000987,	 0.000054,	 10.316580
	 0.086402,	 0.054028,	 0.001463,	 0.000056,	 10.458706
	 0.068249,	 0.056289,	 0.001003,	 0.000054,	 10.584479
	 0.078498,	 0.058303,	 0.001353,	 0.000053,	 10.722862
	 0.072210,	 0.054305,	 0.001082,	 0.000052,	 10.850673
	 0.096248,	 0.056154,	 0.001376,	 0.000053,	 11.004672
	 0.060306,	 0.059904,	 0.001124,	 0.000056,	 11.126235
	 0.082812,	 0.053953,	 0.001426,	 0.000055,	 11.264661
	 0.072239,	 0.062176,	 0.001017,	 0.000056,	 11.400322
	 0.086681,	 0.056306,	 0.001338,	 0.000056,	 11.544876
	 0.070418,	 0.053944,	 0.001047,	 0.000053,	 11.670500
	 0.082421,	 0.054162,	 0.001429,	 0.000070,	 11.808748
	 0.070224,	 0.054197,	 0.001066,	 0.000052,	 11.934465
	 0.074509,	 0.056168,	 0.001378,	 0.000066,	 12.066749
	 0.060287,	 0.054199,	 0.000968,	 0.000054,	 12.182425
	 0.082551,	 0.056033,	 0.001465,	 0.000052,	 12.322702
	 0.070254,	 0.056265,	 0.001039,	 0.000051,	 12.450492
	 0.090628,	 0.054432,	 0.001418,	 0.000050,	 12.597194
	 0.077936,	 0.054100,	 0.000975,	 0.000053,	 12.730431
	 0.094670,	 0.053940,	 0.001432,	 0.000057,	 12.880709
	 0.072245,	 0.056201,	 0.001025,	 0.000056,	 13.010427
	 0.088852,	 0.055894,	 0.001380,	 0.000070,	 13.156786
	 0.070118,	 0.054326,	 0.001055,	 0.000052,	 13.282511
	 0.088460,	 0.054180,	 0.001371,	 0.000067,	 13.426763
	 0.070215,	 0.054249,	 0.001048,	 0.000052,	 13.552503
	 0.092480,	 0.056093,	 0.001408,	 0.000054,	 13.702705
	 0.068269,	 0.056192,	 0.001073,	 0.000054,	 13.828484
	 0.084610,	 0.055907,	 0.001519,	 0.000072,	 13.970776
	 0.076118,	 0.062036,	 0.001061,	 0.000056,	 14.110224
	 0.094708,	 0.054271,	 0.001424,	 0.000063,	 14.260854
	 0.076152,	 0.056300,	 0.000978,	 0.000051,	 14.394512
	 0.086990,	 0.055499,	 0.001489,	 0.000074,	 14.538745
	 0.070237,	 0.056253,	 0.000997,	 0.000051,	 14.666449
	 0.094543,	 0.054143,	 0.001389,	 0.000067,	 14.816756
	 0.068137,	 0.054829,	 0.001107,	 0.000056,	 14.941077
	 0.077844,	 0.054086,	 0.001493,	 0.000068,	 15.074745
	 0.064220,	 0.056412,	 0.001018,	 0.000052,	 15.196615
	 0.086300,	 0.054123,	 0.001439,	 0.000052,	 15.338695
	 0.078232,	 0.054290,	 0.001053,	 0.000052,	 15.472507
	 0.092426,	 0.054174,	 0.001415,	 0.000073,	 15.620763
	 0.068267,	 0.054189,	 0.001060,	 0.000053,	 15.744518
	 0.088435,	 0.054107,	 0.001433,	 0.000070,	 15.888747
	 0.070222,	 0.054665,	 0.001070,	 0.000052,	 16.014946
	 0.091978,	 0.054215,	 0.001386,	 0.000066,	 16.162754
	 0.058168,	 0.056378,	 0.001003,	 0.000051,	 16.278531
	 0.094463,	 0.056084,	 0.001428,	 0.000070,	 16.430741
	 0.070266,	 0.054401,	 0.001037,	 0.000055,	 16.556665
	 0.078265,	 0.056071,	 0.001425,	 0.000054,	 16.692657
	 0.074314,	 0.054267,	 0.001007,	 0.000055,	 16.822462
	 0.090495,	 0.056224,	 0.001389,	 0.000065,	 16.970816
	 0.062109,	 0.054246,	 0.001045,	 0.000051,	 17.088446
	 0.088474,	 0.054221,	 0.001385,	 0.000069,	 17.232757
	 0.072189,	 0.058279,	 0.001059,	 0.000052,	 17.364511
	 0.094466,	 0.054159,	 0.001380,	 0.000071,	 17.514749
	 0.070316,	 0.054168,	 0.001057,	 0.000051,	 17.640507
	 0.078582,	 0.053968,	 0.002107,	 0.000057,	 17.775406
	 0.071513,	 0.054452,	 0.001016,	 0.000053,	 17.902603
	 0.092370,	 0.054172,	 0.001421,	 0.000066,	 18.050811
	 0.052094,	 0.058555,	 0.001092,	 0.000073,	 18.162792
	 0.092130,	 0.061965,	 0.001453,	 0.000055,	 18.318563
	 0.072384,	 0.054225,	 0.001046,	 0.000054,	 18.446445
	 0.082468,	 0.056287,	 0.001431,	 0.000049,	 18.586867
	 0.072172,	 0.054194,	 0.001064,	 0.000055,	 18.714515
	 0.080395,	 0.054297,	 0.001429,	 0.000050,	 18.850863
	 0.072135,	 0.054305,	 0.000997,	 0.000052,	 18.978525
	 0.102448,	 0.056101,	 0.001408,	 0.000054,	 19.138714
	 0.058201,	 0.054305,	 0.001060,	 0.000053,	 19.252514
	 0.085119,	 0.053368,	 0.001475,	 0.000052,	 19.392707
	 0.075905,	 0.054314,	 0.001012,	 0.000055,	 19.524474
	 0.084452,	 0.054086,	 0.001506,	 0.000075,	 19.664771
	 0.072190,	 0.054269,	 0.001016,	 0.000054,	 19.792474
	 0.086439,	 0.056100,	 0.001499,	 0.000071,	 19.936760
	 0.060462,	 0.054012,	 0.001028,	 0.000054,	 20.052488
	 0.092481,	 0.056100,	 0.001419,	 0.000057,	 20.202712
	 0.060191,	 0.054311,	 0.001058,	 0.000054,	 20.318506
	 0.084474,	 0.054023,	 0.001482,	 0.000052,	 20.458715
	 0.080274,	 0.054292,	 0.001021,	 0.000053,	 20.594538
	 0.084419,	 0.054097,	 0.001429,	 0.000055,	 20.734716

	Waiting,	Receiving data,	Solving systems,	Sending data,	Total
	 0.040247,	 0.017585,	 0.007872,	 0.000063,	 4.295703
	 0.077677,	 0.015576,	 0.003402,	 0.000051,	 4.399076
	 0.080300,	 0.054939,	 0.001062,	 0.000053,	 4.535606
	 0.087772,	 0.054161,	 0.001474,	 0.000054,	 4.679237
	 0.076144,	 0.056254,	 0.001090,	 0.000056,	 4.812952
	 0.092424,	 0.054111,	 0.001457,	 0.000054,	 4.961169
	 0.062274,	 0.054260,	 0.001042,	 0.000054,	 5.078967
	 0.092409,	 0.054097,	 0.001499,	 0.000053,	 5.227195
	 0.068174,	 0.056268,	 0.001162,	 0.000055,	 5.353023
	 0.086475,	 0.055974,	 0.001455,	 0.000054,	 5.497152
	 0.074219,	 0.054268,	 0.001087,	 0.000054,	 5.626951
	 0.088540,	 0.053961,	 0.001958,	 0.000055,	 5.771663
	 0.069717,	 0.054257,	 0.001110,	 0.000059,	 5.896977
	 0.090494,	 0.056005,	 0.001454,	 0.000052,	 6.045154
	 0.058217,	 0.054574,	 0.001025,	 0.000053,	 6.159188
	 0.092194,	 0.054156,	 0.001460,	 0.000055,	 6.307224
	 0.070148,	 0.054399,	 0.001079,	 0.000055,	 6.433075
	 0.094297,	 0.056171,	 0.001466,	 0.000055,	 6.585235
	 0.068137,	 0.054400,	 0.001080,	 0.000056,	 6.709078
	 0.088293,	 0.056168,	 0.001462,	 0.000056,	 6.855226
	 0.062434,	 0.055966,	 0.001114,	 0.000056,	 6.974965
	 0.080876,	 0.055627,	 0.001487,	 0.000054,	 7.113179
	 0.068823,	 0.053645,	 0.001169,	 0.000054,	 7.237040
	 0.082346,	 0.054071,	 0.001472,	 0.000057,	 7.375176
	 0.074199,	 0.054322,	 0.001157,	 0.000055,	 7.505078
	 0.084315,	 0.056075,	 0.001481,	 0.000054,	 7.647181
	 0.077456,	 0.054995,	 0.001124,	 0.000055,	 7.780981
	 0.078393,	 0.054089,	 0.001483,	 0.000054,	 7.915171
	 0.082207,	 0.056259,	 0.001129,	 0.000055,	 8.054990
	 0.074373,	 0.056229,	 0.001446,	 0.000053,	 8.187261
	 0.076103,	 0.056272,	 0.001152,	 0.000057,	 8.321018
	 0.080353,	 0.056102,	 0.001484,	 0.000055,	 8.459183
	 0.076199,	 0.054251,	 0.001112,	 0.000056,	 8.590973
	 0.084394,	 0.056127,	 0.001466,	 0.000054,	 8.733186
	 0.072747,	 0.053720,	 0.001096,	 0.000055,	 8.860975
	 0.078397,	 0.056104,	 0.001554,	 0.000054,	 8.997297
	 0.058092,	 0.054246,	 0.001092,	 0.000054,	 9.110947
	 0.085083,	 0.053449,	 0.001474,	 0.000053,	 9.251180
	 0.068180,	 0.056267,	 0.001088,	 0.000058,	 9.376951
	 0.078431,	 0.054096,	 0.001477,	 0.000055,	 9.511183
	 0.072230,	 0.054212,	 0.001100,	 0.000053,	 9.638972
	 0.080418,	 0.056061,	 0.001432,	 0.000051,	 9.777136
	 0.080943,	 0.055690,	 0.001044,	 0.000051,	 9.915035
	 0.080329,	 0.056103,	 0.001472,	 0.000058,	 10.053168
	 0.062251,	 0.056394,	 0.001136,	 0.000053,	 10.173198
	 0.080174,	 0.056171,	 0.001468,	 0.000057,	 10.311241
	 0.078194,	 0.054334,	 0.001107,	 0.000052,	 10.445099
	 0.086253,	 0.054184,	 0.001474,	 0.000053,	 10.587236
	 0.074225,	 0.054165,	 0.001123,	 0.000052,	 10.716973
	 0.078532,	 0.056040,	 0.001468,	 0.000054,	 10.853241
	 0.078132,	 0.054474,	 0.001027,	 0.000052,	 10.987096
	 0.078348,	 0.058213,	 0.001475,	 0.000053,	 11.125357
	 0.076267,	 0.063705,	 0.001151,	 0.000053,	 11.266700
	 0.078668,	 0.054112,	 0.001470,	 0.000053,	 11.401173
	 0.072295,	 0.058146,	 0.001128,	 0.000053,	 11.532982
	 0.080388,	 0.054095,	 0.001486,	 0.000055,	 11.669179
	 0.074193,	 0.054272,	 0.001139,	 0.000055,	 11.799008
	 0.078360,	 0.055949,	 0.001474,	 0.000051,	 11.935011
	 0.080373,	 0.054248,	 0.001137,	 0.000056,	 12.070996
	 0.082420,	 0.056037,	 0.001503,	 0.000050,	 12.211190
	 0.074340,	 0.061872,	 0.001125,	 0.000055,	 12.348756
	 0.084711,	 0.054028,	 0.001463,	 0.000057,	 12.489188
	 0.072265,	 0.054182,	 0.001128,	 0.000056,	 12.616995
	 0.078381,	 0.054093,	 0.001498,	 0.000054,	 12.751193
	 0.074182,	 0.054250,	 0.001127,	 0.000055,	 12.880987
	 0.078396,	 0.054088,	 0.001488,	 0.000053,	 13.015184
	 0.054303,	 0.054146,	 0.001170,	 0.000056,	 13.125033
	 0.080350,	 0.056085,	 0.001498,	 0.000056,	 13.263193
	 0.074182,	 0.054260,	 0.001127,	 0.000055,	 13.392995
	 0.078839,	 0.053642,	 0.001457,	 0.000057,	 13.527173
	 0.076324,	 0.054132,	 0.001160,	 0.000056,	 13.659018
	 0.088353,	 0.054104,	 0.001486,	 0.000051,	 13.803181
	 0.074197,	 0.054253,	 0.001119,	 0.000055,	 13.932976
	 0.078464,	 0.054030,	 0.001479,	 0.000052,	 14.067175
	 0.060171,	 0.056294,	 0.001180,	 0.000054,	 14.185045
	 0.086457,	 0.055976,	 0.001482,	 0.000053,	 14.329186
	 0.080176,	 0.056267,	 0.001125,	 0.000055,	 14.466982
	 0.080385,	 0.064103,	 0.001496,	 0.000056,	 14.613195
	 0.074171,	 0.054285,	 0.001132,	 0.000056,	 14.743010
	 0.080486,	 0.053972,	 0.001482,	 0.000056,	 14.879179
	 0.074203,	 0.054510,	 0.001037,	 0.000053,	 15.009149
	 0.074457,	 0.055932,	 0.001495,	 0.000053,	 15.141257
	 0.078120,	 0.056254,	 0.001122,	 0.000054,	 15.276980
	 0.090484,	 0.068035,	 0.001485,	 0.000055,	 15.437214
	 0.068168,	 0.054248,	 0.001133,	 0.000057,	 15.560993
	 0.076396,	 0.056190,	 0.001547,	 0.000056,	 15.695364
	 0.073284,	 0.055096,	 0.001591,	 0.000063,	 15.825718
	 0.079644,	 0.056099,	 0.001559,	 0.000089,	 15.963293
	 0.060047,	 0.056271,	 0.001124,	 0.000056,	 16.080982
	 0.076387,	 0.056325,	 0.001517,	 0.000055,	 16.215440
	 0.067979,	 0.054505,	 0.001058,	 0.000054,	 16.339226
	 0.082142,	 0.054098,	 0.001515,	 0.000058,	 16.477210
	 0.062168,	 0.058258,	 0.001224,	 0.000069,	 16.599110
	 0.082357,	 0.054164,	 0.002041,	 0.000052,	 16.737926
	 0.075509,	 0.054192,	 0.001126,	 0.000054,	 16.868981
	 0.078399,	 0.054079,	 0.001520,	 0.000055,	 17.003209
	 0.056287,	 0.054157,	 0.001108,	 0.000058,	 17.114991
	 0.084788,	 0.053691,	 0.001507,	 0.000055,	 17.255206
	 0.074159,	 0.054267,	 0.001124,	 0.000056,	 17.384985
	 0.078396,	 0.056093,	 0.001519,	 0.000055,	 17.521220
	 0.074218,	 0.054286,	 0.001108,	 0.000054,	 17.651056
	 0.080308,	 0.054165,	 0.001629,	 0.000058,	 17.787386
	 0.077977,	 0.056291,	 0.001108,	 0.000055,	 17.922988
	 0.076507,	 0.053969,	 0.001500,	 0.000058,	 18.055194
	 0.054429,	 0.056013,	 0.001120,	 0.000053,	 18.166979
	 0.084392,	 0.052241,	 0.001485,	 0.000054,	 18.305322
	 0.076039,	 0.054270,	 0.001108,	 0.000054,	 18.436963
	 0.076511,	 0.054201,	 0.001515,	 0.000054,	 18.569428
	 0.073922,	 0.054489,	 0.001075,	 0.000054,	 18.699178
	 0.092438,	 0.053852,	 0.001500,	 0.000053,	 18.847192
	 0.070179,	 0.056260,	 0.001113,	 0.000056,	 18.974975
	 0.078398,	 0.054094,	 0.001502,	 0.000054,	 19.109194
	 0.076183,	 0.056259,	 0.001117,	 0.000054,	 19.242976
	 0.082654,	 0.053836,	 0.001500,	 0.000053,	 19.381191
	 0.072271,	 0.056174,	 0.001136,	 0.000052,	 19.510991
	 0.076456,	 0.052015,	 0.001503,	 0.000053,	 19.641188
	 0.080181,	 0.054259,	 0.001113,	 0.000056,	 19.776967
	 0.092409,	 0.052095,	 0.001517,	 0.000058,	 19.923218
	 0.068249,	 0.054170,	 0.001139,	 0.000053,	 20.046996
	 0.076374,	 0.054112,	 0.001499,	 0.000053,	 20.179204
	 0.078164,	 0.054318,	 0.001175,	 0.000055,	 20.313097
	 0.084282,	 0.056092,	 0.001508,	 0.000054,	 20.455206
	 0.078172,	 0.054338,	 0.001172,	 0.000056,	 20.589115
	 0.076258,	 0.054100,	 0.001503,	 0.000052,	 20.721199
	 0.078178,	 0.054259,	 0.001136,	 0.000056,	 20.854997
	 0.080398,	 0.054058,	 0.001484,	 0.000052,	 20.991171
	 0.054199,	 0.054261,	 0.001119,	 0.000056,	 21.100976
	 0.100397,	 0.054112,	 0.001634,	 0.000054,	 21.257345
	 0.068030,	 0.054523,	 0.001042,	 0.000053,	 21.381160
	 0.086213,	 0.054168,	 0.001479,	 0.000054,	 21.523246
	 0.062136,	 0.054383,	 0.001095,	 0.000055,	 21.641088
	 0.078293,	 0.052154,	 0.001497,	 0.000059,	 21.773262
	 0.072237,	 0.054124,	 0.001137,	 0.000053,	 21.900990
	 0.086715,	 0.055919,	 0.001475,	 0.000057,	 22.045329
	 0.058043,	 0.054258,	 0.001115,	 0.000055,	 22.158973
	 0.088476,	 0.056526,	 0.001441,	 0.000054,	 22.305642
	 0.071728,	 0.054258,	 0.001140,	 0.000058,	 22.432996
	 0.080379,	 0.054093,	 0.001490,	 0.000054,	 22.569184
	 0.072196,	 0.054254,	 0.001126,	 0.000056,	 22.696989
	 0.092384,	 0.054165,	 0.001500,	 0.000056,	 22.845266
	 0.058191,	 0.057238,	 0.001109,	 0.000053,	 22.962026
	 0.089343,	 0.052182,	 0.001465,	 0.000054,	 23.105248
	 0.070122,	 0.056394,	 0.001100,	 0.000056,	 23.233095
	 0.093130,	 0.055432,	 0.001474,	 0.000055,	 23.383358
	 0.068308,	 0.055971,	 0.001137,	 0.000055,	 23.509000
	 0.078461,	 0.052062,	 0.001481,	 0.000055,	 23.641234
	 0.074129,	 0.054269,	 0.001147,	 0.000056,	 23.771004
	 0.082374,	 0.056085,	 0.001518,	 0.000055,	 23.911209
	 0.060181,	 0.056297,	 0.001142,	 0.000052,	 24.029059
	 0.088313,	 0.052228,	 0.001483,	 0.000055,	 24.171313
	 0.080181,	 0.054143,	 0.001115,	 0.000055,	 24.306978
	 0.080467,	 0.052022,	 0.001489,	 0.000052,	 24.441182
	 0.078288,	 0.054153,	 0.001148,	 0.000055,	 24.575009
	 0.080366,	 0.054091,	 0.001485,	 0.000055,	 24.711179
	 0.044121,	 0.016335,	 0.001645,	 0.000056,	 57.266191
	 0.083538,	 0.017324,	 0.001607,	 0.000052,	 57.375318
	 0.068149,	 0.054271,	 0.001109,	 0.000055,	 57.499082
	 0.080321,	 0.054076,	 0.001507,	 0.000053,	 57.635228
	 0.072210,	 0.056208,	 0.001157,	 0.000055,	 57.765036
	 0.088625,	 0.053895,	 0.001498,	 0.000057,	 57.909290
	 0.066367,	 0.054205,	 0.001083,	 0.000057,	 58.031165
	 0.086237,	 0.054146,	 0.001492,	 0.000052,	 58.173281
	 0.066239,	 0.054758,	 0.001154,	 0.000051,	 58.295656
	 0.089816,	 0.052145,	 0.001494,	 0.000049,	 58.439335
	 0.078138,	 0.054406,	 0.001077,	 0.000052,	 58.573184
	 0.086217,	 0.052213,	 0.001579,	 0.000053,	 58.713421
	 0.074131,	 0.054379,	 0.001340,	 0.000072,	 58.843503
	 0.091891,	 0.052126,	 0.001483,	 0.000051,	 58.989267
	 0.058197,	 0.056293,	 0.001119,	 0.000052,	 59.105103
	 0.086301,	 0.052152,	 0.001489,	 0.000052,	 59.245274
	 0.062128,	 0.054313,	 0.001123,	 0.000052,	 59.363064
	 0.088348,	 0.052136,	 0.001496,	 0.000051,	 59.505273
	 0.068205,	 0.056244,	 0.001128,	 0.000052,	 59.631065
	 0.092335,	 0.052079,	 0.001486,	 0.000053,	 59.777207
	 0.058206,	 0.054222,	 0.001139,	 0.000054,	 59.891023
	 0.094384,	 0.052074,	 0.001497,	 0.000052,	 60.039209
	 0.058285,	 0.054454,	 0.001059,	 0.000052,	 60.153221
	 0.086191,	 0.052208,	 0.001486,	 0.000053,	 60.293351
	 0.078045,	 0.054471,	 0.001079,	 0.000052,	 60.427172
	 0.088300,	 0.052241,	 0.001512,	 0.000074,	 60.569468
	 0.059934,	 0.056377,	 0.001092,	 0.000070,	 60.687149
	 0.088362,	 0.052053,	 0.001922,	 0.000052,	 60.829734
	 0.079689,	 0.056334,	 0.001144,	 0.000053,	 60.967168
	 0.083120,	 0.053273,	 0.001505,	 0.000054,	 61.105300
	 0.058102,	 0.056304,	 0.001109,	 0.000055,	 61.221053
	 0.090420,	 0.054007,	 0.001469,	 0.000052,	 61.367189
	 0.066315,	 0.056418,	 0.001075,	 0.000055,	 61.491225
	 0.090325,	 0.053966,	 0.001526,	 0.000053,	 61.637274
	 0.060124,	 0.054383,	 0.001136,	 0.000052,	 61.753158
	 0.094262,	 0.054216,	 0.001512,	 0.000052,	 61.903390
	 0.070008,	 0.056372,	 0.001115,	 0.000053,	 62.031135
	 0.082263,	 0.056399,	 0.001496,	 0.000066,	 62.171564
	 0.069952,	 0.054266,	 0.001096,	 0.000054,	 62.297115
	 0.098360,	 0.054085,	 0.001494,	 0.000053,	 62.451281
	 0.078120,	 0.056325,	 0.001114,	 0.000057,	 62.587087
	 0.078418,	 0.054026,	 0.001491,	 0.000052,	 62.721251
	 0.080156,	 0.054323,	 0.001155,	 0.000054,	 62.857119
	 0.078291,	 0.054205,	 0.001492,	 0.000054,	 62.991343
	 0.066133,	 0.054183,	 0.001165,	 0.000054,	 63.113059
	 0.082377,	 0.054059,	 0.001469,	 0.000053,	 63.251195
	 0.070280,	 0.054375,	 0.001070,	 0.000054,	 63.377138
	 0.092272,	 0.054189,	 0.001464,	 0.000052,	 63.525305
	 0.066219,	 0.054199,	 0.001114,	 0.000056,	 63.647060
	 0.092461,	 0.056063,	 0.001467,	 0.000055,	 63.797285
	 0.066184,	 0.054213,	 0.001088,	 0.000052,	 63.918995
	 0.086488,	 0.052006,	 0.001465,	 0.000054,	 64.059188
	 0.060216,	 0.054311,	 0.001133,	 0.000055,	 64.175083
	 0.082356,	 0.054119,	 0.001502,	 0.000051,	 64.313277
	 0.082195,	 0.054184,	 0.001152,	 0.000051,	 64.451033
	 0.084583,	 0.053886,	 0.001498,	 0.000054,	 64.591234
	 0.074158,	 0.054319,	 0.001119,	 0.000053,	 64.721058
	 0.084343,	 0.052212,	 0.001506,	 0.000052,	 64.859346
	 0.076102,	 0.056332,	 0.001163,	 0.000053,	 64.993173
	 0.094235,	 0.052070,	 0.001493,	 0.000049,	 65.141210
	 0.062342,	 0.054170,	 0.001115,	 0.000054,	 65.259059
	 0.082341,	 0.056145,	 0.001499,	 0.000052,	 65.399285
	 0.074118,	 0.054458,	 0.001076,	 0.000051,	 65.529174
	 0.082372,	 0.054086,	 0.001493,	 0.000054,	 65.667348
	 0.076141,	 0.054387,	 0.001057,	 0.000054,	 65.799162
	 0.086336,	 0.054084,	 0.001512,	 0.000051,	 65.941321
	 0.074155,	 0.054303,	 0.001108,	 0.000052,	 66.071127
	 0.082355,	 0.056065,	 0.001501,	 0.000054,	 66.211293
	 0.076106,	 0.054450,	 0.001085,	 0.000068,	 66.343178
	 0.078205,	 0.052323,	 0.001473,	 0.000052,	 66.475420
	 0.078039,	 0.056324,	 0.001111,	 0.000054,	 66.611138
	 0.078332,	 0.052090,	 0.001493,	 0.000051,	 66.743279
	 0.080193,	 0.056319,	 0.001127,	 0.000051,	 66.881149
	 0.092257,	 0.056136,	 0.001511,	 0.000053,	 67.031297
	 0.060111,	 0.054221,	 0.001170,	 0.000051,	 67.147051
	 0.096352,	 0.056076,	 0.001514,	 0.000052,	 67.301232
	 0.070255,	 0.054230,	 0.001118,	 0.000051,	 67.427060
	 0.080341,	 0.054086,	 0.001534,	 0.000053,	 67.563261
	 0.074203,	 0.054186,	 0.001173,	 0.000049,	 67.693053
	 0.084356,	 0.056132,	 0.001505,	 0.000052,	 67.835284
	 0.074194,	 0.056168,	 0.001145,	 0.000052,	 67.967030
	 0.088377,	 0.056121,	 0.001521,	 0.000050,	 68.113276
	 0.060207,	 0.054164,	 0.001193,	 0.000055,	 68.229089
	 0.092395,	 0.054012,	 0.001503,	 0.000052,	 68.377227
	 0.074178,	 0.056236,	 0.001190,	 0.000055,	 68.509078
	 0.088386,	 0.054029,	 0.001560,	 0.000054,	 68.653289
	 0.070250,	 0.054113,	 0.001140,	 0.000053,	 68.779023
	 0.082513,	 0.053953,	 0.001526,	 0.000052,	 68.917248
	 0.066237,	 0.054223,	 0.001124,	 0.000052,	 69.039060
	 0.088597,	 0.053914,	 0.001491,	 0.000054,	 69.183282
	 0.074216,	 0.054237,	 0.001106,	 0.000055,	 69.313070
	 0.088335,	 0.052200,	 0.001501,	 0.000054,	 69.455338
	 0.072066,	 0.054306,	 0.001108,	 0.000055,	 69.583059
	 0.088338,	 0.054081,	 0.001503,	 0.000050,	 69.727221
	 0.072231,	 0.056323,	 0.001108,	 0.000053,	 69.857113
	 0.082284,	 0.062085,	 0.001501,	 0.000052,	 70.003220
	 0.066262,	 0.054168,	 0.001132,	 0.000056,	 70.125013
	 0.082407,	 0.052125,	 0.001511,	 0.000053,	 70.261298
	 0.070112,	 0.056241,	 0.001165,	 0.000052,	 70.389055
	 0.080468,	 0.055971,	 0.001535,	 0.000053,	 70.527262
	 0.076149,	 0.056282,	 0.001150,	 0.000054,	 70.661093
	 0.076385,	 0.054012,	 0.002459,	 0.000074,	 70.794395
	 0.079117,	 0.054191,	 0.001672,	 0.000056,	 70.929623
	 0.093787,	 0.052121,	 0.001603,	 0.000054,	 71.077379
	 0.058028,	 0.058313,	 0.001126,	 0.000054,	 71.195084
	 0.082543,	 0.054083,	 0.001508,	 0.000071,	 71.333467
	 0.079932,	 0.056376,	 0.001109,	 0.000055,	 71.471129
	 0.094336,	 0.056088,	 0.001500,	 0.000054,	 71.623299
	 0.070101,	 0.056453,	 0.001090,	 0.000052,	 71.751171
	 0.082337,	 0.054114,	 0.001507,	 0.000052,	 71.889345
	 0.070246,	 0.058200,	 0.001090,	 0.000056,	 72.019109
	 0.088294,	 0.052137,	 0.001530,	 0.000053,	 72.161322
	 0.056077,	 0.056294,	 0.001097,	 0.000055,	 72.275031
	 0.080437,	 0.056234,	 0.001495,	 0.000052,	 72.413414
	 0.078026,	 0.054351,	 0.001131,	 0.000053,	 72.547151
	 0.080505,	 0.053978,	 0.001510,	 0.000052,	 72.683365
	 0.078033,	 0.054380,	 0.001169,	 0.000054,	 72.817189
	 0.084226,	 0.056123,	 0.001505,	 0.000053,	 72.959298
	 0.076874,	 0.053618,	 0.001112,	 0.000052,	 73.091127
	 0.076319,	 0.054182,	 0.001510,	 0.000055,	 73.223364
	 0.080031,	 0.056885,	 0.001143,	 0.000052,	 73.361660
	 0.089825,	 0.054141,	 0.001530,	 0.000053,	 73.507374
	 0.070028,	 0.054371,	 0.001086,	 0.000052,	 73.633095
	 0.094309,	 0.054321,	 0.001507,	 0.000073,	 73.783485
	 0.069975,	 0.054182,	 0.001166,	 0.000055,	 73.909051
	 0.090425,	 0.054100,	 0.001517,	 0.000053,	 74.055322
	 0.070076,	 0.054247,	 0.001259,	 0.000055,	 74.181149
	 0.090430,	 0.053919,	 0.001538,	 0.000055,	 74.327270
	 0.068130,	 0.054398,	 0.001154,	 0.000052,	 74.451178
	 0.088240,	 0.056218,	 0.001535,	 0.000057,	 74.597412
	 0.071966,	 0.056465,	 0.001092,	 0.000054,	 74.727162
	 0.082249,	 0.054053,	 0.001531,	 0.000052,	 74.865247
	 0.068280,	 0.054204,	 0.001126,	 0.000056,	 74.989080
	 0.096329,	 0.054199,	 0.001534,	 0.000052,	 75.141374
	 0.060020,	 0.054248,	 0.001158,	 0.000053,	 75.257038
	 0.078360,	 0.054081,	 0.001516,	 0.000050,	 75.391233
	 0.076261,	 0.056285,	 0.001136,	 0.000054,	 75.525144
	 0.092252,	 0.056089,	 0.001514,	 0.000050,	 75.675230
	 0.072183,	 0.056297,	 0.001155,	 0.000054,	 75.805102
	 0.088314,	 0.056126,	 0.001526,	 0.000052,	 75.951300
	 0.080172,	 0.056335,	 0.001127,	 0.000053,	 76.089151
	 0.082343,	 0.054006,	 0.001545,	 0.000054,	 76.227277
	 0.066331,	 0.065822,	 0.001164,	 0.000056,	 76.360818
	 0.084583,	 0.054289,	 0.001518,	 0.000074,	 76.501474
	 0.073923,	 0.056306,	 0.001132,	 0.000054,	 76.633071
	 0.090334,	 0.056052,	 0.001520,	 0.000054,	 76.781231
	 0.070374,	 0.056055,	 0.001212,	 0.000056,	 76.909107
	 0.082293,	 0.054070,	 0.001521,	 0.000053,	 77.047242
	 0.060175,	 0.054347,	 0.001124,	 0.000055,	 77.163144
	 0.074263,	 0.054062,	 0.001535,	 0.000053,	 77.293257
	 0.070142,	 0.054297,	 0.001128,	 0.000053,	 77.419063
	 0.078344,	 0.054187,	 0.001564,	 0.000052,	 77.553412
	 0.068065,	 0.054164,	 0.001154,	 0.000052,	 77.677031
	 0.092374,	 0.054290,	 0.001515,	 0.000068,	 77.825468

	Waiting,	Receiving data,	Solving systems,	Sending data,	Total
	 0.025717,	 0.000144,
	Waiting,	Receiving data,	Solving systems,	Sending data,	Total
	 0.036682,	 0.002257,	 0.212426,	 0.000092,	 8.945940
	 0.054856,	 0.009676,	 0.003927,	 0.000062,	 9.014920
	 0.066888,	 0.052977,	 0.001271,	 0.000064,	 9.136273
	 0.064057,	 0.039992,	 0.001640,	 0.000071,	 9.242217
	 0.076857,	 0.040393,	 0.001523,	 0.000055,	 9.361228
	 0.064746,	 0.040320,	 0.001547,	 0.000054,	 9.468060
	 0.074127,	 0.040159,	 0.001174,	 0.000069,	 9.583770
	 0.075279,	 0.040214,	 0.001671,	 0.000055,	 9.701139
	 0.054515,	 0.039719,	 0.001155,	 0.000054,	 9.796749
	 0.077515,	 0.040195,	 0.001638,	 0.000065,	 9.922187
	 0.076601,	 0.039606,	 0.001020,	 0.000055,	 10.039630
	 0.073138,	 0.040552,	 0.001424,	 0.000055,	 10.154956
	 0.040774,	 0.039585,	 0.001217,	 0.000058,	 10.236757
	 0.071209,	 0.040354,	 0.001635,	 0.000052,	 10.350160
	 0.057759,	 0.040495,	 0.001149,	 0.000055,	 10.449776
	 0.065430,	 0.040073,	 0.001631,	 0.000055,	 10.557114
	 0.054561,	 0.039689,	 0.001135,	 0.000059,	 10.652731
	 0.064745,	 0.039815,	 0.001596,	 0.000056,	 10.759132
	 0.067529,	 0.039715,	 0.001182,	 0.000054,	 10.867771
	 0.076198,	 0.040342,	 0.001641,	 0.000055,	 10.986154
	 0.059267,	 0.039962,	 0.001219,	 0.000055,	 11.086813
	 0.085617,	 0.039802,	 0.001705,	 0.000054,	 11.214158
	 0.035338,	 0.039856,	 0.001117,	 0.000056,	 11.290680
	 0.077629,	 0.040008,	 0.001654,	 0.000056,	 11.410197
	 0.079085,	 0.040026,	 0.001003,	 0.000050,	 11.530515
	 0.064542,	 0.040219,	 0.001535,	 0.000055,	 11.637038
	 0.089430,	 0.039924,	 0.001111,	 0.000056,	 11.767731
	 0.065942,	 0.039658,	 0.001549,	 0.000053,	 11.875081
	 0.126325,	 0.040059,	 0.001075,	 0.000056,	 12.042757
	 0.076135,	 0.040360,	 0.001619,	 0.000052,	 12.161089
	 0.043473,	 0.039853,	 0.001258,	 0.000060,	 12.245879
	 0.072813,	 0.039600,	 0.001501,	 0.000055,	 12.360010
	 0.061980,	 0.040348,	 0.001162,	 0.000056,	 12.463704
	 0.072633,	 0.039968,	 0.001701,	 0.000055,	 12.578227
	 0.078911,	 0.040288,	 0.001148,	 0.000054,	 12.698779
	 0.071970,	 0.039658,	 0.001494,	 0.000055,	 12.812115
	 0.081110,	 0.040159,	 0.001336,	 0.000055,	 12.934937
	 0.065746,	 0.039700,	 0.001630,	 0.000053,	 13.042225
	 0.087541,	 0.048151,	 0.001259,	 0.000056,	 13.179386
	 0.090798,	 0.040176,	 0.001683,	 0.000059,	 13.312278
	 0.059851,	 0.040307,	 0.001085,	 0.000054,	 13.413722
	 0.073891,	 0.039786,	 0.001540,	 0.000058,	 13.529146
	 0.084348,	 0.039896,	 0.001250,	 0.000061,	 13.654854
	 0.068763,	 0.039703,	 0.001642,	 0.000057,	 13.765168
	 0.055865,	 0.040320,	 0.001143,	 0.000054,	 13.862711
	 0.089747,	 0.039855,	 0.001553,	 0.000060,	 13.994095
	 0.074611,	 0.039620,	 0.001060,	 0.000055,	 14.109601
	 0.076814,	 0.047831,	 0.001513,	 0.000058,	 14.235973
	 0.056679,	 0.039744,	 0.001101,	 0.000056,	 14.333719
	 0.085675,	 0.039937,	 0.001503,	 0.000067,	 14.461063
	 0.081987,	 0.040341,	 0.001155,	 0.000054,	 14.584762
	 0.072398,	 0.040148,	 0.001577,	 0.000055,	 14.699089
	 0.078002,	 0.040279,	 0.001129,	 0.000056,	 14.818722
	 0.070447,	 0.040232,	 0.001584,	 0.000058,	 14.931191
	 0.068949,	 0.040199,	 0.001122,	 0.000056,	 15.041663
	 0.072335,	 0.040324,	 0.001648,	 0.000057,	 15.156180
	 0.086179,	 0.039962,	 0.001047,	 0.000054,	 15.283573
	 0.075927,	 0.039772,	 0.001481,	 0.000057,	 15.400963
	 0.076590,	 0.039788,	 0.001227,	 0.000058,	 15.518790
	 0.072471,	 0.040069,	 0.001624,	 0.000054,	 15.633179
	 0.080291,	 0.039849,	 0.001149,	 0.000062,	 15.754702
	 0.087711,	 0.039841,	 0.001645,	 0.000053,	 15.884130
	 0.072746,	 0.040526,	 0.001020,	 0.000050,	 15.998641
	 0.062771,	 0.039933,	 0.001546,	 0.000058,	 16.103093
	 0.071584,	 0.044040,	 0.001362,	 0.000070,	 16.220319
	 0.072993,	 0.039980,	 0.001687,	 0.000057,	 16.335195
	 0.074864,	 0.040357,	 0.001133,	 0.000054,	 16.451778
	 0.080014,	 0.039512,	 0.001638,	 0.000057,	 16.573178
	 0.049644,	 0.039499,	 0.001214,	 0.000056,	 16.663749
	 0.069514,	 0.039948,	 0.001615,	 0.000058,	 16.775054
	 0.076608,	 0.039727,	 0.001227,	 0.000068,	 16.892853
	 0.083979,	 0.039456,	 0.001756,	 0.000056,	 17.018276
	 0.051339,	 0.039729,	 0.001182,	 0.000054,	 17.110730
	 0.083965,	 0.039537,	 0.001588,	 0.000055,	 17.236035
	 0.035620,	 0.041760,	 0.001491,	 0.000073,	 17.315200
	 0.078548,	 0.039532,	 0.001762,	 0.000057,	 17.435262
	 0.060240,	 0.039832,	 0.001103,	 0.000064,	 17.536681
	 0.075859,	 0.039722,	 0.001567,	 0.000076,	 17.654095
	 0.075315,	 0.040019,	 0.001118,	 0.000055,	 17.770766
	 0.065342,	 0.040320,	 0.001565,	 0.000055,	 17.878214
	 0.063792,	 0.040361,	 0.001174,	 0.000054,	 17.983761
	 0.071719,	 0.039850,	 0.001639,	 0.000054,	 18.097190
	 0.076496,	 0.041499,	 0.001161,	 0.000055,	 18.216555
	 0.084185,	 0.039580,	 0.001643,	 0.000052,	 18.342187
	 0.076657,	 0.039555,	 0.001210,	 0.000056,	 18.459821
	 0.077916,	 0.039545,	 0.001627,	 0.000052,	 18.579122
	 0.075382,	 0.039828,	 0.001119,	 0.000054,	 18.695651
	 0.076669,	 0.040024,	 0.001764,	 0.000059,	 18.814333
	 0.080945,	 0.040180,	 0.001140,	 0.000054,	 18.936801
	 0.065712,	 0.039879,	 0.001578,	 0.000058,	 19.044194
	 0.089553,	 0.039671,	 0.001184,	 0.000056,	 19.174811
	 0.069269,	 0.040170,	 0.001679,	 0.000054,	 19.286158
	 0.034710,	 0.040587,	 0.001242,	 0.000055,	 19.362907
	 0.077780,	 0.039717,	 0.001715,	 0.000057,	 19.482340
	 0.051902,	 0.040084,	 0.001210,	 0.000069,	 19.575761
	 0.065590,	 0.039952,	 0.001609,	 0.000055,	 19.683133
	 0.084404,	 0.039898,	 0.001165,	 0.000069,	 19.808837
	 0.076416,	 0.040031,	 0.001728,	 0.000055,	 19.927241
	 0.051977,	 0.040091,	 0.001151,	 0.000064,	 20.020665
	 0.081477,	 0.040149,	 0.001549,	 0.000053,	 20.144053
	 0.052658,	 0.040229,	 0.001632,	 0.000058,	 20.238813
	 0.074463,	 0.039961,	 0.001663,	 0.000055,	 20.355138
	 0.068782,	 0.040441,	 0.001185,	 0.000055,	 20.465761
	 0.078395,	 0.040142,	 0.001550,	 0.000060,	 20.586068
	 0.079962,	 0.040426,	 0.001050,	 0.000056,	 20.707716
	 0.068037,	 0.039570,	 0.001473,	 0.000058,	 20.817017
	 0.080004,	 0.040379,	 0.001183,	 0.000054,	 20.938795
	 0.068947,	 0.039564,	 0.001617,	 0.000058,	 21.049157
	 0.071609,	 0.039588,	 0.001062,	 0.000054,	 21.161641
	 0.083073,	 0.039509,	 0.001652,	 0.000054,	 21.286074
	 0.036224,	 0.040152,	 0.001211,	 0.000057,	 21.363890
	 0.082854,	 0.039530,	 0.001693,	 0.000074,	 21.488185
	 0.074944,	 0.040209,	 0.001137,	 0.000054,	 21.604701
	 0.073929,	 0.039644,	 0.001628,	 0.000054,	 21.720117
	 0.079322,	 0.039932,	 0.001054,	 0.000056,	 21.840634
	 0.070085,	 0.039585,	 0.001490,	 0.000054,	 21.952001
	 0.073096,	 0.040200,	 0.001084,	 0.000058,	 22.066607
	 0.082253,	 0.040458,	 0.001580,	 0.000054,	 22.191113
	 0.054624,	 0.039600,	 0.001110,	 0.000055,	 22.286662
	 0.051450,	 0.040254,	 0.001557,	 0.000059,	 22.380142
	 0.064709,	 0.039537,	 0.001235,	 0.000060,	 22.485834
	 0.067049,	 0.040495,	 0.001577,	 0.000054,	 22.595159
	 0.082175,	 0.040078,	 0.001057,	 0.000056,	 22.718677
	 0.065748,	 0.039925,	 0.001535,	 0.000057,	 22.826100
	 0.067383,	 0.039920,	 0.001011,	 0.000068,	 22.934635
	 0.063407,	 0.040267,	 0.001371,	 0.000055,	 23.039893
	 0.105700,	 0.039811,	 0.001066,	 0.000055,	 23.186681
	 0.070024,	 0.051898,	 0.001570,	 0.000059,	 23.310392
	 0.046326,	 0.039614,	 0.001019,	 0.000056,	 23.397576
	 0.083544,	 0.040181,	 0.001351,	 0.000061,	 23.522883
	 0.077547,	 0.039980,	 0.001150,	 0.000055,	 23.641777
	 0.074129,	 0.040420,	 0.001469,	 0.000060,	 23.758019
	 0.060471,	 0.039852,	 0.001033,	 0.000055,	 23.859584
	 0.072508,	 0.040224,	 0.001634,	 0.000053,	 23.974151
	 0.055330,	 0.039854,	 0.001121,	 0.000053,	 24.070668
	 0.062062,	 0.039607,	 0.001613,	 0.000054,	 24.174176
	 0.069778,	 0.052266,	 0.001795,	 0.000060,	 24.298251
	 0.089573,	 0.039478,	 0.001561,	 0.000055,	 24.429077
	 0.074503,	 0.039858,	 0.001223,	 0.000061,	 24.544881
	 0.079883,	 0.039569,	 0.001540,	 0.000055,	 24.666097
	 0.094932,	 0.040415,	 0.001159,	 0.000054,	 24.802821
	 0.071061,	 0.040516,	 0.001476,	 0.000055,	 24.916094
	 0.101111,	 0.040160,	 0.001057,	 0.000056,	 25.058643
	 0.062315,	 0.040413,	 0.001414,	 0.000050,	 25.162988
	 0.076332,	 0.039985,	 0.001126,	 0.000057,	 25.280660
	 0.071880,	 0.039774,	 0.001814,	 0.000056,	 25.394338
	 0.085426,	 0.039624,	 0.001084,	 0.000055,	 25.520685
	 0.070071,	 0.039543,	 0.001633,	 0.000055,	 25.632150
	 0.061938,	 0.040233,	 0.001162,	 0.000057,	 25.735689
	 0.071887,	 0.039804,	 0.001743,	 0.000055,	 25.849328
	 0.079214,	 0.039757,	 0.001089,	 0.000057,	 25.969601
	 0.068970,	 0.039813,	 0.001588,	 0.000054,	 26.080175
	 0.069792,	 0.040325,	 0.001068,	 0.000055,	 26.191582
	 0.071685,	 0.040175,	 0.001636,	 0.000058,	 26.305300

	Waiting,	Receiving data,	Solving systems,	Sending data,	Total
	 0.027741,	 0.001116,
	Waiting,	Receiving data,	Solving systems,	Sending data,	Total
	 0.027397,	 0.002582,
	Waiting,	Receiving data,	Solving systems,	Sending data,	Total
	 0.026406,	 0.001575,
	Waiting,	Receiving data,	Solving systems,	Sending data,	Total
	 0.027830,	 0.001973,
	Waiting,	Receiving data,	Solving systems,	Sending data,	Total
	 0.034925,	 0.010375,
	Waiting,	Receiving data,	Solving systems,	Sending data,	Total
	 0.025801,	 0.002647,
	Waiting,	Receiving data,	Solving systems,	Sending data,	Total
	 0.025700,	 0.002840,
	Waiting,	Receiving data,	Solving systems,	Sending data,	Total
	 0.025707,	 0.002113,	 0.035533,	 0.000061,	 3.762725
	 0.053057,	 0.045010,	 0.000773,	 0.000053,	 3.861780
	 0.064569,	 0.000427,	 0.002418,	 0.000057,	 3.930688
	 0.052746,	 0.040340,	 0.000733,	 0.000050,	 4.024704
	 0.079539,	 0.039690,	 0.000739,	 0.000061,	 4.144879
	 0.070282,	 0.039750,	 0.000727,	 0.000055,	 4.255857
	 0.079160,	 0.039771,	 0.001399,	 0.000056,	 4.376410
	 0.076658,	 0.039918,	 0.000723,	 0.000049,	 4.493911
	 0.056160,	 0.039745,	 0.000748,	 0.000050,	 4.590763
	 0.042146,	 0.039895,	 0.000737,	 0.000050,	 4.673744
	 0.057477,	 0.039489,	 0.001465,	 0.000055,	 4.772411
	 0.088641,	 0.039775,	 0.000725,	 0.000052,	 4.901757
	 0.055087,	 0.039915,	 0.000715,	 0.000046,	 4.997665
	 0.051627,	 0.040492,	 0.000722,	 0.000055,	 5.090728
	 0.061347,	 0.039648,	 0.001358,	 0.000059,	 5.193295
	 0.048113,	 0.040408,	 0.000736,	 0.000050,	 5.282743
	 0.055603,	 0.040549,	 0.000719,	 0.000051,	 5.379814
	 0.070475,	 0.039574,	 0.000710,	 0.000047,	 5.490769
	 0.063744,	 0.040285,	 0.001438,	 0.000054,	 5.596461
	 0.066869,	 0.040468,	 0.000741,	 0.000050,	 5.704747
	 0.066355,	 0.039737,	 0.000720,	 0.000052,	 5.811757
	 0.071218,	 0.046346,	 0.000716,	 0.000049,	 5.930226
	 0.072603,	 0.039922,	 0.001555,	 0.000056,	 6.044535
	 0.062628,	 0.039710,	 0.000721,	 0.000073,	 6.147838
	 0.044832,	 0.040178,	 0.000709,	 0.000052,	 6.233767
	 0.057211,	 0.039947,	 0.000712,	 0.000061,	 6.331848
	 0.071113,	 0.039804,	 0.001393,	 0.000055,	 6.444383
	 0.056910,	 0.039505,	 0.000736,	 0.000052,	 6.541740
	 0.052724,	 0.040375,	 0.000711,	 0.000058,	 6.635756
	 0.056278,	 0.039850,	 0.000752,	 0.000049,	 6.732848
	 0.068184,	 0.045820,	 0.001560,	 0.000054,	 6.848637
	 0.045447,	 0.039686,	 0.000732,	 0.000050,	 6.934697
	 0.060155,	 0.040029,	 0.000725,	 0.000050,	 7.035806
	 0.057108,	 0.039933,	 0.000749,	 0.000060,	 7.133816
	 0.072264,	 0.039644,	 0.001458,	 0.000063,	 7.247424
	 0.074441,	 0.039923,	 0.000746,	 0.000052,	 7.362758
	 0.051327,	 0.039729,	 0.000706,	 0.000053,	 7.454721
	 0.059206,	 0.039872,	 0.000719,	 0.000051,	 7.554715
	 0.074588,	 0.040412,	 0.001310,	 0.000056,	 7.671253
	 0.043836,	 0.039704,	 0.000724,	 0.000061,	 7.755759
	 0.080351,	 0.058632,	 0.000718,	 0.000060,	 7.895706
	 0.046428,	 0.039658,	 0.001004,	 0.000053,	 7.983002
	 0.063257,	 0.039528,	 0.001527,	 0.000054,	 8.087535
	 0.060030,	 0.040278,	 0.000722,	 0.000050,	 8.188789
	 0.055656,	 0.040354,	 0.000712,	 0.000060,	 8.285751
	 0.042336,	 0.039706,	 0.000709,	 0.000052,	 8.368717
	 0.055481,	 0.039478,	 0.001382,	 0.000061,	 8.465277
	 0.072490,	 0.040081,	 0.000723,	 0.000046,	 8.578784
	 0.052040,	 0.039994,	 0.000716,	 0.000050,	 8.671738
	 0.056752,	 0.042088,	 0.000713,	 0.000053,	 8.771492
	 0.057770,	 0.039479,	 0.001556,	 0.000057,	 8.870517
	 0.041664,	 0.039609,	 0.000732,	 0.000052,	 8.952722
	 0.048249,	 0.039797,	 0.000706,	 0.000050,	 9.041666
	 0.060573,	 0.039724,	 0.000724,	 0.000058,	 9.142903
	 0.076813,	 0.040009,	 0.001408,	 0.000055,	 9.261355
	 0.058560,	 0.039859,	 0.000737,	 0.000054,	 9.360737
	 0.061540,	 0.039506,	 0.000723,	 0.000060,	 9.462736
	 0.053215,	 0.039823,	 0.000716,	 0.000051,	 9.556685
	 0.061433,	 0.039582,	 0.001383,	 0.000059,	 9.659304
	 0.049889,	 0.039623,	 0.000743,	 0.000051,	 9.749755
	 0.057392,	 0.040251,	 0.000700,	 0.000051,	 9.848324
	 0.052886,	 0.039623,	 0.000727,	 0.000051,	 9.941777
	 0.070784,	 0.040122,	 0.001465,	 0.000055,	 10.054399
	 0.078717,	 0.039738,	 0.000750,	 0.000060,	 10.173835
	 0.049104,	 0.039843,	 0.000712,	 0.000061,	 10.263726
	 0.054718,	 0.040420,	 0.000706,	 0.000056,	 10.359795
	 0.056731,	 0.040168,	 0.001583,	 0.000055,	 10.458506
	 0.042161,	 0.040194,	 0.000733,	 0.000093,	 10.541844
	 0.063474,	 0.040522,	 0.000747,	 0.000062,	 10.646810
	 0.070694,	 0.040391,	 0.000740,	 0.000051,	 10.758833
	 0.063846,	 0.040035,	 0.001413,	 0.000064,	 10.864359
	 0.037006,	 0.040438,	 0.000729,	 0.000050,	 10.942752
	 0.079913,	 0.040131,	 0.000711,	 0.000053,	 11.063736
	 0.056515,	 0.039534,	 0.000734,	 0.000055,	 11.160728
	 0.057084,	 0.039929,	 0.001441,	 0.000057,	 11.259421
	 0.065592,	 0.039831,	 0.000725,	 0.000050,	 11.365765
	 0.088326,	 0.039696,	 0.000710,	 0.000053,	 11.494703
	 0.042724,	 0.040371,	 0.000737,	 0.000050,	 11.578738
	 0.064287,	 0.039677,	 0.001361,	 0.000068,	 11.684309
	 0.052554,	 0.039950,	 0.000719,	 0.000051,	 11.777751
	 0.050667,	 0.056038,	 0.000712,	 0.000052,	 11.885368
	 0.052984,	 0.040438,	 0.000720,	 0.000051,	 11.979708
	 0.060792,	 0.040223,	 0.001395,	 0.000062,	 12.082351
	 0.076885,	 0.039642,	 0.000749,	 0.000061,	 12.199843
	 0.058263,	 0.039686,	 0.000731,	 0.000064,	 12.298760
	 0.056676,	 0.040384,	 0.000735,	 0.000051,	 12.396760
	 0.052272,	 0.039646,	 0.001417,	 0.000060,	 12.490311
	 0.072475,	 0.040076,	 0.000732,	 0.000059,	 12.603829
	 0.055263,	 0.039761,	 0.000714,	 0.000061,	 12.699793
	 0.057455,	 0.039561,	 0.000702,	 0.000068,	 12.801986
	 0.060939,	 0.040119,	 0.001440,	 0.000056,	 12.908352
	 0.073741,	 0.039757,	 0.000729,	 0.000050,	 13.022790
	 0.067157,	 0.039973,	 0.000711,	 0.000052,	 13.130840
	 0.057165,	 0.039771,	 0.000764,	 0.000074,	 13.235199
	 0.063075,	 0.039435,	 0.001341,	 0.000060,	 13.339280
	 0.057471,	 0.040120,	 0.000752,	 0.000064,	 13.437850
	 0.053357,	 0.039669,	 0.000712,	 0.000053,	 13.531814
	 0.042766,	 0.045514,	 0.000757,	 0.000051,	 13.621063
	 0.071091,	 0.039562,	 0.001429,	 0.000063,	 13.733369
	 0.057336,	 0.040174,	 0.000729,	 0.000051,	 13.831827
	 0.079096,	 0.042895,	 0.000739,	 0.000052,	 13.954783
	 0.058748,	 0.040372,	 0.000732,	 0.000062,	 14.054859
	 0.083218,	 0.039660,	 0.001462,	 0.000055,	 14.179416
	 0.061925,	 0.040431,	 0.000756,	 0.000051,	 14.282727
	 0.051550,	 0.039576,	 0.000712,	 0.000051,	 14.374760
	 0.055426,	 0.039637,	 0.000711,	 0.000049,	 14.470726
	 0.056253,	 0.039748,	 0.001318,	 0.000061,	 14.568272
	 0.069416,	 0.040153,	 0.000732,	 0.000059,	 14.678812
	 0.071881,	 0.040168,	 0.000719,	 0.000050,	 14.791787
	 0.055511,	 0.046001,	 0.000704,	 0.000051,	 14.894200
	 0.063262,	 0.040220,	 0.001448,	 0.000057,	 14.999359
	 0.050188,	 0.040280,	 0.000717,	 0.000054,	 15.090770
	 0.061686,	 0.040352,	 0.000718,	 0.000047,	 15.193751
	 0.054318,	 0.039789,	 0.000721,	 0.000052,	 15.288799
	 0.061647,	 0.040291,	 0.001488,	 0.000066,	 15.392475
	 0.125762,	 0.039702,	 0.000756,	 0.000051,	 15.558930
	 0.064667,	 0.040339,	 0.000713,	 0.000061,	 15.664871
	 0.068780,	 0.041255,	 0.000730,	 0.000060,	 15.775866
	 0.055867,	 0.039914,	 0.001415,	 0.000063,	 15.873293
	 0.037709,	 0.039815,	 0.000782,	 0.000064,	 15.951822
	 0.049908,	 0.036818,	 0.000717,	 0.000067,	 18.511985
	 0.047197,	 0.004457,	 0.000725,	 0.000054,	 18.564573
	 0.048519,	 0.039614,	 0.001430,	 0.000055,	 18.654355
	 0.034721,	 0.039839,	 0.000730,	 0.000060,	 18.729877
	 0.049886,	 0.040113,	 0.000712,	 0.000050,	 18.820788
	 0.069863,	 0.040160,	 0.000707,	 0.000063,	 18.932390
	 0.052586,	 0.039704,	 0.001459,	 0.000056,	 19.026385
	 0.089328,	 0.040114,	 0.000733,	 0.000060,	 19.156774
	 0.053146,	 0.039914,	 0.000700,	 0.000051,	 19.250746
	 0.041683,	 0.040394,	 0.000706,	 0.000058,	 19.333763
	 0.062935,	 0.040082,	 0.001423,	 0.000056,	 19.438437
	 0.061653,	 0.039747,	 0.000718,	 0.000051,	 19.540771
	 0.056962,	 0.040103,	 0.000739,	 0.000072,	 19.646955
	 0.046483,	 0.040388,	 0.000730,	 0.000051,	 19.734782
	 0.055042,	 0.039935,	 0.001457,	 0.000056,	 19.831447
	 0.069582,	 0.045820,	 0.000727,	 0.000060,	 19.947789
	 0.052192,	 0.036904,	 0.000703,	 0.000060,	 20.037842
	 0.041459,	 0.043617,	 0.000732,	 0.000059,	 20.123880
	 0.063830,	 0.040035,	 0.001502,	 0.000055,	 20.229478
	 0.076679,	 0.039667,	 0.000759,	 0.000061,	 20.346814
	 0.053362,	 0.039632,	 0.000726,	 0.000052,	 20.440762
	 0.070719,	 0.040373,	 0.000707,	 0.000047,	 20.552771
	 0.062548,	 0.040394,	 0.001486,	 0.000055,	 20.657427
	 0.063158,	 0.034222,	 0.000726,	 0.000067,	 20.755771
	 0.075883,	 0.040120,	 0.000715,	 0.000049,	 20.872712
	 0.062303,	 0.039885,	 0.000718,	 0.000058,	 20.975856
	 0.076337,	 0.039521,	 0.001595,	 0.000076,	 21.099980
	 0.085492,	 0.040471,	 0.000758,	 0.000062,	 21.226925
	 0.057833,	 0.040102,	 0.000711,	 0.000059,	 21.325778
	 0.041883,	 0.040214,	 0.000701,	 0.000049,	 21.408784
	 0.067895,	 0.034027,	 0.001522,	 0.000064,	 21.512485
	 0.091077,	 0.040281,	 0.000726,	 0.000052,	 21.644789
	 0.056082,	 0.039963,	 0.000738,	 0.000050,	 21.741782
	 0.042735,	 0.040322,	 0.000715,	 0.000061,	 21.826494
	 0.054579,	 0.040223,	 0.001460,	 0.000055,	 21.928372
	 0.035807,	 0.039744,	 0.000753,	 0.000058,	 22.004890
	 0.058002,	 0.039953,	 0.000737,	 0.000047,	 22.103800
	 0.050468,	 0.046070,	 0.000699,	 0.005297,	 22.207574
	 0.072333,	 0.039745,	 0.001323,	 0.000062,	 22.321308
	 0.053492,	 0.040104,	 0.000731,	 0.000062,	 22.415870
	 0.062790,	 0.040233,	 0.000712,	 0.000059,	 22.519821
	 0.051335,	 0.039718,	 0.000714,	 0.000058,	 22.611819
	 0.061496,	 0.040443,	 0.001468,	 0.000057,	 22.715449
	 0.078944,	 0.040457,	 0.000716,	 0.000047,	 22.835773
	 0.068829,	 0.039168,	 0.000732,	 0.000060,	 22.944735
	 0.042849,	 0.040306,	 0.000730,	 0.000051,	 23.028823
	 0.062246,	 0.039705,	 0.001815,	 0.000062,	 23.132831
	 0.072776,	 0.040255,	 0.000719,	 0.000062,	 23.246791
	 0.065473,	 0.039551,	 0.000755,	 0.000052,	 23.352819
	 0.052410,	 0.039688,	 0.000719,	 0.000046,	 23.445850
	 0.060979,	 0.039957,	 0.001447,	 0.000059,	 23.548459
	 0.082505,	 0.039943,	 0.000727,	 0.000052,	 23.671849
	 0.056710,	 0.040345,	 0.000712,	 0.000059,	 23.769822
	 0.051838,	 0.040215,	 0.000717,	 0.000061,	 23.862812
	 0.070467,	 0.039388,	 0.001472,	 0.000057,	 23.974383
	 0.033600,	 0.039862,	 0.000725,	 0.000051,	 24.048779
	 0.046803,	 0.040246,	 0.000718,	 0.000060,	 24.136781
	 0.054502,	 0.039539,	 0.000728,	 0.000058,	 24.231768
	 0.061984,	 0.039960,	 0.001320,	 0.000071,	 24.335286
	 0.074367,	 0.040168,	 0.000728,	 0.000052,	 24.450780
	 0.061135,	 0.039944,	 0.000705,	 0.000051,	 24.552766
	 0.055448,	 0.039754,	 0.000706,	 0.000051,	 24.648877
	 0.061925,	 0.039878,	 0.001530,	 0.000057,	 24.752432
	 0.074395,	 0.039981,	 0.000723,	 0.000055,	 24.867748
	 0.059346,	 0.039720,	 0.000703,	 0.000056,	 24.967734
	 0.041646,	 0.040390,	 0.000701,	 0.000053,	 25.050690
	 0.057685,	 0.040419,	 0.001311,	 0.000055,	 25.150333
	 0.090233,	 0.040369,	 0.000727,	 0.000050,	 25.281867
	 0.070127,	 0.039832,	 0.000712,	 0.000051,	 25.392737
	 0.055507,	 0.039601,	 0.000715,	 0.000065,	 25.490373
	 0.071325,	 0.040048,	 0.001584,	 0.000055,	 25.603574
	 0.076157,	 0.040123,	 0.000726,	 0.000050,	 25.720797
	 0.048683,	 0.040406,	 0.000723,	 0.000059,	 25.810814
	 0.054609,	 0.046002,	 0.000709,	 0.000051,	 25.912361
	 0.063904,	 0.039437,	 0.001522,	 0.000058,	 26.017458
	 0.048747,	 0.039662,	 0.000770,	 0.000061,	 26.106882
	 0.048093,	 0.039823,	 0.000705,	 0.000056,	 26.195723
	 0.055259,	 0.039865,	 0.000744,	 0.000051,	 26.291825
	 0.069393,	 0.039591,	 0.001458,	 0.000054,	 26.402491
	 0.066855,	 0.040583,	 0.000744,	 0.000060,	 26.510894
	 0.060979,	 0.040002,	 0.000718,	 0.000077,	 26.612838
	 0.054984,	 0.040016,	 0.000731,	 0.000051,	 26.708773
	 0.058785,	 0.041640,	 0.001443,	 0.000056,	 26.810872
	 0.058254,	 0.050244,	 0.000708,	 0.000066,	 26.920318
	 0.058376,	 0.040048,	 0.000721,	 0.000051,	 27.019688
	 0.048521,	 0.039622,	 0.000714,	 0.000050,	 27.108763
	 0.081978,	 0.040027,	 0.001422,	 0.000055,	 27.232410
	 0.047589,	 0.039921,	 0.000727,	 0.000063,	 27.320883
	 0.056755,	 0.040246,	 0.000740,	 0.000050,	 27.418829
	 0.050982,	 0.040065,	 0.000734,	 0.000052,	 27.510809
	 0.069657,	 0.040415,	 0.001492,	 0.000057,	 27.622596
	 0.089521,	 0.039677,	 0.000736,	 0.000061,	 27.752782
	 0.052059,	 0.040009,	 0.000735,	 0.000052,	 27.845801
	 0.056255,	 0.051058,	 0.000774,	 0.000047,	 27.954096
	 0.061766,	 0.039837,	 0.001559,	 0.000067,	 28.057517
	 0.050386,	 0.039893,	 0.000751,	 0.000047,	 28.148755
	 0.058346,	 0.039779,	 0.000738,	 0.000050,	 28.247826
	 0.055071,	 0.039893,	 0.000755,	 0.000059,	 28.343753
	 0.056982,	 0.039980,	 0.001428,	 0.000059,	 28.442403
	 0.073186,	 0.040278,	 0.000748,	 0.000061,	 28.556832
	 0.056378,	 0.039668,	 0.000728,	 0.000050,	 28.653825
	 0.050117,	 0.039893,	 0.000725,	 0.000053,	 28.744773
	 0.064346,	 0.039665,	 0.001494,	 0.000054,	 28.850497
	 0.063689,	 0.043387,	 0.000736,	 0.000062,	 28.958533
	 0.049285,	 0.039954,	 0.000737,	 0.000061,	 29.048738
	 0.056843,	 0.040290,	 0.000725,	 0.000051,	 29.146810
	 0.076463,	 0.039499,	 0.001214,	 0.000063,	 29.264225
	 0.049395,	 0.040205,	 0.000724,	 0.000057,	 29.354768
	 0.056669,	 0.040395,	 0.000704,	 0.000053,	 29.452749
	 0.053913,	 0.040162,	 0.000713,	 0.000051,	 29.547741
	 0.085010,	 0.040012,	 0.001428,	 0.000054,	 29.674421

	Waiting,	Receiving data,	Solving systems,	Sending data,	Total
	 0.026432,	 0.001848,
	Waiting,	Receiving data,	Solving systems,	Sending data,	Total
	 0.057253,	 0.001985,
	Waiting,	Receiving data,	Solving systems,	Sending data,	Total
	 5.386624,	 0.000133,
	Waiting,	Receiving data,	Solving systems,	Sending data,	Total
	 0.025410,	 0.001987,
	Waiting,	Receiving data,	Solving systems,	Sending data,	Total
	 0.042452,	 0.002174,
	Waiting,	Receiving data,	Solving systems,	Sending data,	Total
	 0.026174,	 0.000131,	 0.004729,	 0.000059,	 3.675201
	 0.056445,	 0.000416,	 0.009413,	 0.000054,	 3.751113
	 0.052834,	 0.039943,	 0.000256,	 0.000062,	 3.844375
	 0.056226,	 0.040192,	 0.000857,	 0.000051,	 3.941874
	 0.054971,	 0.040403,	 0.000235,	 0.000044,	 4.037669
	 0.064500,	 0.039539,	 0.001001,	 0.000053,	 4.142909
	 0.035611,	 0.040285,	 0.000261,	 0.000068,	 4.219281
	 0.074951,	 0.039537,	 0.000955,	 0.000056,	 4.334973
	 0.049953,	 0.039999,	 0.000239,	 0.000073,	 4.425383
	 0.071412,	 0.039895,	 0.000979,	 0.000052,	 4.537904
	 0.095562,	 0.040410,	 0.000268,	 0.000059,	 4.674378
	 0.070928,	 0.040503,	 0.001105,	 0.000054,	 4.787140
	 0.053801,	 0.039888,	 0.000237,	 0.000065,	 4.881281
	 0.064710,	 0.039792,	 0.001074,	 0.000060,	 4.987116
	 0.093966,	 0.039719,	 0.000232,	 0.000059,	 5.121239
	 0.064229,	 0.040360,	 0.000993,	 0.000056,	 5.227055
	 0.086752,	 0.040023,	 0.000230,	 0.000059,	 5.354276
	 0.076742,	 0.039774,	 0.001052,	 0.000053,	 5.472073
	 0.055993,	 0.039763,	 0.000231,	 0.000065,	 5.568285
	 0.077747,	 0.039752,	 0.000964,	 0.000064,	 5.686995
	 0.091552,	 0.040295,	 0.000229,	 0.000062,	 5.819309
	 0.069842,	 0.039592,	 0.001025,	 0.000052,	 5.929980
	 0.035889,	 0.039979,	 0.000223,	 0.000075,	 6.006306
	 0.071952,	 0.039472,	 0.000842,	 0.000049,	 6.118788
	 0.044940,	 0.040042,	 0.000221,	 0.000058,	 6.204206
	 0.069269,	 0.040268,	 0.000840,	 0.000052,	 6.314806
	 0.071397,	 0.039659,	 0.000221,	 0.000066,	 6.426303
	 0.074824,	 0.039784,	 0.001040,	 0.000054,	 6.542181
	 0.070135,	 0.040490,	 0.000233,	 0.000059,	 6.653253
	 0.064014,	 0.039519,	 0.000919,	 0.000054,	 6.757949
	 0.062274,	 0.039636,	 0.000245,	 0.000067,	 6.860321
	 0.073391,	 0.040126,	 0.001001,	 0.000060,	 6.975081
	 0.074838,	 0.039853,	 0.000231,	 0.000060,	 7.090210
	 0.066301,	 0.040194,	 0.001017,	 0.000076,	 7.198014
	 0.034978,	 0.039847,	 0.000251,	 0.000055,	 7.273319
	 0.077064,	 0.040470,	 0.001047,	 0.000057,	 7.392131
	 0.129470,	 0.040305,	 0.000239,	 0.000055,	 7.562364
	 0.073222,	 0.040209,	 0.001075,	 0.000054,	 7.677087
	 0.061552,	 0.040228,	 0.000241,	 0.000071,	 7.779331
	 0.072665,	 0.039807,	 0.000970,	 0.000056,	 7.893001
	 0.061980,	 0.039778,	 0.000221,	 0.000052,	 7.995194
	 0.072748,	 0.039778,	 0.001057,	 0.000053,	 8.109007
	 0.052339,	 0.040462,	 0.000223,	 0.000056,	 8.202250
	 0.066423,	 0.040136,	 0.000897,	 0.000056,	 8.309943
	 0.091282,	 0.039685,	 0.000225,	 0.000059,	 8.441371
	 0.065733,	 0.039639,	 0.000986,	 0.000055,	 8.547950
	 0.064728,	 0.040195,	 0.000223,	 0.000057,	 8.653309
	 0.068511,	 0.039969,	 0.001038,	 0.000052,	 8.763041
	 0.067849,	 0.039927,	 0.000218,	 0.000057,	 8.871255
	 0.071917,	 0.039539,	 0.001019,	 0.000053,	 8.983977
	 0.046038,	 0.039794,	 0.000241,	 0.000058,	 9.070256
	 0.063126,	 0.045851,	 0.000934,	 0.000055,	 9.180414
	 0.035363,	 0.040011,	 0.000230,	 0.000059,	 9.256222
	 0.068607,	 0.039924,	 0.000982,	 0.000053,	 9.365991
	 0.061137,	 0.039689,	 0.000240,	 0.000057,	 9.467274
	 0.073786,	 0.039695,	 0.001170,	 0.000054,	 9.582147
	 0.070291,	 0.040482,	 0.000223,	 0.000060,	 9.693375
	 0.064015,	 0.040337,	 0.001016,	 0.000054,	 9.798986
	 0.051230,	 0.039564,	 0.000224,	 0.000060,	 9.890229
	 0.067955,	 0.039533,	 0.001240,	 0.000055,	 9.999215
	 0.056538,	 0.050373,	 0.000222,	 0.000060,	 10.106568
	 0.071647,	 0.039482,	 0.001053,	 0.000053,	 10.218994
	 0.075105,	 0.039721,	 0.000245,	 0.000065,	 10.334289
	 0.078362,	 0.040066,	 0.000976,	 0.000058,	 10.453916
	 0.068216,	 0.039720,	 0.000230,	 0.000069,	 10.562311
	 0.067071,	 0.040552,	 0.001113,	 0.000076,	 10.671286
	 0.092496,	 0.040097,	 0.000217,	 0.000065,	 10.804321
	 0.072020,	 0.040491,	 0.001064,	 0.000056,	 10.918121
	 0.083770,	 0.040070,	 0.000240,	 0.000050,	 11.042393
	 0.070314,	 0.042152,	 0.001018,	 0.000053,	 11.156105
	 0.050274,	 0.040475,	 0.000220,	 0.000345,	 11.247590
	 0.068253,	 0.039973,	 0.001049,	 0.000052,	 11.357084
	 0.057849,	 0.039927,	 0.000216,	 0.000066,	 11.455299
	 0.074288,	 0.040199,	 0.000956,	 0.000052,	 11.570966
	 0.084455,	 0.040385,	 0.000230,	 0.000050,	 11.696244
	 0.066178,	 0.040408,	 0.001193,	 0.000052,	 11.804235
	 0.096806,	 0.039865,	 0.000221,	 0.000059,	 11.941357
	 0.076291,	 0.040194,	 0.000986,	 0.000054,	 12.059047
	 0.084656,	 0.052475,	 0.000229,	 0.000059,	 12.196627
	 0.068651,	 0.039512,	 0.000956,	 0.000062,	 12.305981
	 0.061534,	 0.040312,	 0.000213,	 0.000061,	 12.408258
	 0.071537,	 0.039927,	 0.001113,	 0.000053,	 12.521065
	 0.054816,	 0.040073,	 0.000213,	 0.000058,	 12.616385
	 0.067948,	 0.040476,	 0.001007,	 0.000055,	 12.726041
	 0.081899,	 0.039902,	 0.000213,	 0.000050,	 12.848260
	 0.072172,	 0.040400,	 0.001004,	 0.000054,	 12.962072
	 0.102258,	 0.040545,	 0.000217,	 0.000061,	 13.105305
	 0.063965,	 0.046292,	 0.001090,	 0.000054,	 13.216872
	 0.034981,	 0.040071,	 0.000211,	 0.000058,	 13.292349
	 0.076225,	 0.040300,	 0.000985,	 0.000053,	 13.410083
	 0.086188,	 0.039650,	 0.000220,	 0.000058,	 13.536375
	 0.063964,	 0.040478,	 0.001110,	 0.000053,	 13.642145
	 0.071765,	 0.039892,	 0.000214,	 0.000059,	 13.754234
	 0.068854,	 0.039662,	 0.001084,	 0.000066,	 13.864107
	 0.058658,	 0.040062,	 0.000209,	 0.000050,	 13.963239
	 0.075504,	 0.040297,	 0.000984,	 0.000052,	 14.080245
	 0.043975,	 0.039704,	 0.000207,	 0.000058,	 14.164374
	 0.063600,	 0.039722,	 0.001020,	 0.000061,	 14.268945
	 0.034826,	 0.040063,	 0.000213,	 0.000064,	 14.344292
	 0.080275,	 0.040195,	 0.000966,	 0.000079,	 14.465967
	 0.081972,	 0.039974,	 0.000213,	 0.000053,	 14.588352
	 0.068404,	 0.039975,	 0.000995,	 0.000055,	 14.697952
	 0.061185,	 0.039697,	 0.000211,	 0.000063,	 14.799278
	 0.073902,	 0.039679,	 0.000823,	 0.000054,	 14.913893
	 0.080514,	 0.040405,	 0.000223,	 0.000059,	 15.035262
	 0.069320,	 0.040088,	 0.001074,	 0.000053,	 15.145977
	 0.039595,	 0.040221,	 0.000214,	 0.000045,	 15.226210
	 0.063595,	 0.039991,	 0.000868,	 0.000055,	 15.330877
	 0.062148,	 0.039824,	 0.000228,	 0.000050,	 15.433290
	 0.072461,	 0.040050,	 0.000948,	 0.000061,	 15.546994
	 0.080863,	 0.040025,	 0.000215,	 0.000061,	 15.668347
	 0.076199,	 0.040307,	 0.001007,	 0.000061,	 15.786096
	 0.077928,	 0.039856,	 0.000211,	 0.000054,	 15.904316
	 0.071930,	 0.039497,	 0.001019,	 0.000053,	 16.017000
	 0.065951,	 0.039848,	 0.000229,	 0.000049,	 16.123231
	 0.072363,	 0.044581,	 0.001002,	 0.000053,	 16.241400
	 0.036155,	 0.041300,	 0.000212,	 0.000047,	 16.319265
	 0.073894,	 0.039664,	 0.001054,	 0.000067,	 16.434146
	 0.066704,	 0.039942,	 0.000250,	 0.000060,	 16.541263
	 0.067800,	 0.039662,	 0.001027,	 0.000052,	 16.649993
	 0.065465,	 0.040383,	 0.000221,	 0.000065,	 16.756292
	 0.076388,	 0.040246,	 0.001021,	 0.000053,	 16.874164
	 0.056649,	 0.039982,	 0.000221,	 0.000053,	 16.971233
	 0.064863,	 0.039630,	 0.000982,	 0.000063,	 17.076921
	 0.059364,	 0.053514,	 0.000227,	 0.000046,	 17.190252
	 0.077960,	 0.039552,	 0.000968,	 0.000052,	 17.308978
	 0.064362,	 0.040422,	 0.000214,	 0.000057,	 17.414209
	 0.067377,	 0.040193,	 0.000792,	 0.000049,	 17.522787
	 0.061625,	 0.040397,	 0.000213,	 0.000049,	 17.625214
	 0.072907,	 0.039736,	 0.001029,	 0.000054,	 17.739105
	 0.080421,	 0.040358,	 0.000223,	 0.000062,	 17.860341
	 0.075126,	 0.040357,	 0.000887,	 0.000053,	 17.976924
	 0.087805,	 0.040036,	 0.000215,	 0.000049,	 18.105171
	 0.069794,	 0.039753,	 0.000913,	 0.000053,	 18.215845
	 0.034991,	 0.040127,	 0.000231,	 0.000063,	 18.291413
	 0.076997,	 0.040387,	 0.000855,	 0.000049,	 18.409885
	 0.049964,	 0.039954,	 0.000211,	 0.000060,	 18.500230
	 0.071150,	 0.040375,	 0.000955,	 0.000062,	 18.612957
	 0.046522,	 0.040327,	 0.000213,	 0.000058,	 18.700246
	 0.068843,	 0.039700,	 0.000969,	 0.000053,	 18.809996
	 0.085788,	 0.040143,	 0.000237,	 0.000060,	 18.936388
	 0.062196,	 0.040265,	 0.000932,	 0.000053,	 19.039993
	 0.098924,	 0.040796,	 0.000232,	 0.000061,	 19.180168
	 0.062502,	 0.040018,	 0.000996,	 0.000053,	 19.283898
	 0.034138,	 0.039738,	 0.000219,	 0.000060,	 19.358223
	 0.069474,	 0.040097,	 0.001011,	 0.000058,	 19.469050
	 0.065833,	 0.039900,	 0.000231,	 0.000060,	 19.575235
	 0.064920,	 0.039631,	 0.000879,	 0.000062,	 19.680903
	 0.084986,	 0.039995,	 0.000214,	 0.000062,	 19.806318
	 0.065582,	 0.039981,	 0.000860,	 0.000049,	 19.912962
	 0.081535,	 0.040337,	 0.000225,	 0.000064,	 20.035293
	 0.068364,	 0.040112,	 0.000943,	 0.000061,	 20.144956
	 0.050054,	 0.039722,	 0.000238,	 0.000060,	 20.235206
	 0.069880,	 0.039636,	 0.000957,	 0.000061,	 20.345935
	 0.027467,	 0.002475,	 0.000758,	 0.000054,	 33.055504
	 0.070821,	 0.000545,	 0.001506,	 0.000055,	 33.134339
	 0.064653,	 0.039852,	 0.000232,	 0.000058,	 33.239284
	 0.056334,	 0.041190,	 0.001107,	 0.000055,	 33.338140
	 0.034166,	 0.040594,	 0.000243,	 0.000061,	 33.413354
	 0.072692,	 0.039689,	 0.000993,	 0.000055,	 33.526968
	 0.094557,	 0.040310,	 0.000245,	 0.000057,	 33.662309
	 0.078153,	 0.040348,	 0.001235,	 0.000059,	 33.782283
	 0.080325,	 0.040271,	 0.000227,	 0.000055,	 33.903306
	 0.069315,	 0.040143,	 0.001006,	 0.000054,	 34.014003
	 0.054452,	 0.040421,	 0.000227,	 0.000065,	 34.109328
	 0.063984,	 0.040473,	 0.000826,	 0.000049,	 34.214837
	 0.058566,	 0.040404,	 0.000233,	 0.000053,	 34.314254
	 0.076870,	 0.039623,	 0.001044,	 0.000054,	 34.432031
	 0.075671,	 0.040083,	 0.000222,	 0.000057,	 34.548237
	 0.071369,	 0.040144,	 0.001015,	 0.000053,	 34.660996
	 0.051241,	 0.039570,	 0.000221,	 0.000057,	 34.752241
	 0.069911,	 0.039649,	 0.002807,	 0.000054,	 34.864847
	 0.077081,	 0.039898,	 0.000224,	 0.000046,	 34.982257
	 0.088183,	 0.040326,	 0.001004,	 0.000054,	 35.112007
	 0.095957,	 0.039942,	 0.000257,	 0.000063,	 35.248380
	 0.063608,	 0.039999,	 0.000995,	 0.000053,	 35.353196
	 0.034562,	 0.040087,	 0.000231,	 0.000066,	 35.428305
	 0.064888,	 0.039712,	 0.001013,	 0.000053,	 35.534144
	 0.079149,	 0.039479,	 0.000232,	 0.000059,	 35.653225
	 0.072171,	 0.040341,	 0.001003,	 0.000072,	 35.767010
	 0.094330,	 0.040459,	 0.000245,	 0.000065,	 35.902292
	 0.090419,	 0.039998,	 0.001085,	 0.000052,	 36.034039
	 0.099519,	 0.040348,	 0.000235,	 0.000060,	 36.174356
	 0.080387,	 0.039932,	 0.001140,	 0.000052,	 36.296055
	 0.035281,	 0.040474,	 0.000238,	 0.000045,	 36.372251
	 0.073470,	 0.040014,	 0.000930,	 0.000053,	 36.486892
	 0.076227,	 0.039710,	 0.000226,	 0.000066,	 36.603282
	 0.077308,	 0.040147,	 0.000995,	 0.000053,	 36.721974
	 0.085613,	 0.040268,	 0.000222,	 0.000065,	 36.848309
	 0.077977,	 0.039530,	 0.001044,	 0.000061,	 36.967111
	 0.058156,	 0.039567,	 0.000238,	 0.000067,	 37.065299
	 0.063867,	 0.039616,	 0.000970,	 0.000053,	 37.169989
	 0.061913,	 0.039879,	 0.000232,	 0.000060,	 37.272239
	 0.060135,	 0.040335,	 0.000995,	 0.000051,	 37.373933
	 0.073330,	 0.039530,	 0.000226,	 0.000056,	 37.487238
	 0.073311,	 0.040259,	 0.001074,	 0.000054,	 37.602110
	 0.079084,	 0.039609,	 0.000231,	 0.000059,	 37.721258
	 0.062232,	 0.040264,	 0.001016,	 0.000054,	 37.824992
	 0.062107,	 0.039706,	 0.000224,	 0.000049,	 37.927227
	 0.073918,	 0.039569,	 0.001199,	 0.000057,	 38.042187
	 0.055185,	 0.040478,	 0.000238,	 0.000066,	 38.138302
	 0.062176,	 0.040844,	 0.000780,	 0.000051,	 38.242329
	 0.068953,	 0.042119,	 0.000248,	 0.000061,	 38.353868
	 0.075440,	 0.040408,	 0.000908,	 0.000059,	 38.470871
	 0.073346,	 0.039570,	 0.000223,	 0.000053,	 38.584231
	 0.064562,	 0.039944,	 0.000870,	 0.000057,	 38.689832
	 0.069857,	 0.040085,	 0.000222,	 0.000052,	 38.800206
	 0.064087,	 0.039455,	 0.000887,	 0.000054,	 38.904854
	 0.088418,	 0.039542,	 0.000224,	 0.000049,	 39.033239
	 0.072947,	 0.039617,	 0.001019,	 0.000054,	 39.147046
	 0.069010,	 0.040213,	 0.000230,	 0.000058,	 39.256707
	 0.067192,	 0.039804,	 0.001037,	 0.000056,	 39.364985
	 0.035020,	 0.039826,	 0.000223,	 0.000048,	 39.440255
	 0.064919,	 0.039561,	 0.000867,	 0.000053,	 39.545814
	 0.063653,	 0.040339,	 0.000219,	 0.000048,	 39.650215
	 0.066093,	 0.040389,	 0.000886,	 0.000054,	 39.757793
	 0.034780,	 0.040270,	 0.000221,	 0.000057,	 39.833276
	 0.070362,	 0.040096,	 0.000927,	 0.000067,	 39.944899
	 0.072825,	 0.040047,	 0.000218,	 0.000051,	 40.058186
	 0.066175,	 0.040371,	 0.000927,	 0.000056,	 40.165886
	 0.072179,	 0.039702,	 0.000220,	 0.000050,	 40.278184
	 0.063452,	 0.040199,	 0.001011,	 0.000054,	 40.383064
	 0.081460,	 0.040319,	 0.000226,	 0.000055,	 40.505274
	 0.065748,	 0.039679,	 0.001079,	 0.000070,	 40.612059
	 0.068276,	 0.040436,	 0.000252,	 0.000059,	 40.721242
	 0.083425,	 0.040091,	 0.001077,	 0.000054,	 40.846072
	 0.081873,	 0.039959,	 0.000222,	 0.000053,	 40.968348
	 0.072080,	 0.040373,	 0.001070,	 0.000054,	 41.082097
	 0.094353,	 0.040336,	 0.000248,	 0.000060,	 41.217252
	 0.077642,	 0.039849,	 0.000995,	 0.000063,	 41.335985
	 0.054313,	 0.039518,	 0.000219,	 0.000057,	 41.430249
	 0.063590,	 0.039904,	 0.000978,	 0.000053,	 41.534965
	 0.071027,	 0.039908,	 0.000210,	 0.000059,	 41.646333
	 0.063481,	 0.039962,	 0.000838,	 0.000049,	 41.750821
	 0.077162,	 0.039851,	 0.000223,	 0.000077,	 41.868273
	 0.072976,	 0.039462,	 0.000791,	 0.000051,	 41.981740
	 0.073379,	 0.039700,	 0.000218,	 0.000050,	 42.095249
	 0.062729,	 0.039782,	 0.001018,	 0.000053,	 42.198999
	 0.068703,	 0.040131,	 0.000213,	 0.000047,	 42.308240
	 0.066712,	 0.039904,	 0.001025,	 0.000054,	 42.416098
	 0.088428,	 0.040286,	 0.000207,	 0.000044,	 42.545223
	 0.064186,	 0.040267,	 0.001025,	 0.000053,	 42.650930
	 0.047971,	 0.039941,	 0.000224,	 0.000063,	 42.739310
	 0.071754,	 0.039698,	 0.001150,	 0.000054,	 42.852149
	 0.077225,	 0.040508,	 0.000224,	 0.000057,	 42.970321
	 0.074345,	 0.040179,	 0.000874,	 0.000050,	 43.085930
	 0.081303,	 0.039553,	 0.000220,	 0.000050,	 43.207233
	 0.068959,	 0.039494,	 0.001026,	 0.000054,	 43.316918
	 0.039308,	 0.039587,	 0.000204,	 0.000046,	 43.396227
	 0.065261,	 0.040326,	 0.000996,	 0.000054,	 43.503027
	 0.080172,	 0.039632,	 0.000210,	 0.000047,	 43.623238
	 0.076816,	 0.039732,	 0.000984,	 0.000061,	 43.741006
	 0.083978,	 0.039867,	 0.000219,	 0.000065,	 43.865312
	 0.066247,	 0.040207,	 0.001010,	 0.000063,	 43.973022
	 0.056530,	 0.040370,	 0.000212,	 0.000057,	 44.070353
	 0.061631,	 0.039727,	 0.000960,	 0.000062,	 44.172906
	 0.073069,	 0.039817,	 0.000232,	 0.000059,	 44.286257
	 0.052236,	 0.040191,	 0.001011,	 0.000054,	 44.379934
	 0.033966,	 0.039946,	 0.000211,	 0.000050,	 44.454258
	 0.064127,	 0.040454,	 0.000998,	 0.000057,	 44.560087
	 0.052358,	 0.040360,	 0.000214,	 0.000060,	 44.653227
	 0.065374,	 0.040104,	 0.000927,	 0.000053,	 44.759873
	 0.065693,	 0.040248,	 0.000240,	 0.000065,	 44.866275
	 0.068621,	 0.039874,	 0.000936,	 0.000053,	 44.975937
	 0.071146,	 0.039760,	 0.000210,	 0.000051,	 45.087254
	 0.064021,	 0.039434,	 0.000993,	 0.000053,	 45.191938
	 0.072686,	 0.040150,	 0.000247,	 0.000074,	 45.305288
	 0.066214,	 0.040241,	 0.001187,	 0.000056,	 45.413168
	 0.033880,	 0.039794,	 0.000241,	 0.000060,	 45.487576
	 0.064318,	 0.039863,	 0.000986,	 0.000054,	 45.592967
	 0.072304,	 0.039539,	 0.000248,	 0.000067,	 45.705289
	 0.063416,	 0.040077,	 0.000984,	 0.000055,	 45.810015
	 0.083659,	 0.040169,	 0.000215,	 0.000062,	 45.934307
	 0.084905,	 0.039492,	 0.000894,	 0.000057,	 46.059824
	 0.052394,	 0.039565,	 0.000214,	 0.000058,	 46.152231
	 0.071227,	 0.040242,	 0.001013,	 0.000053,	 46.264927
	 0.056491,	 0.040417,	 0.000212,	 0.000046,	 46.362240
	 0.065809,	 0.039747,	 0.001071,	 0.000055,	 46.469102
	 0.081591,	 0.040076,	 0.000217,	 0.000059,	 46.591214
	 0.064437,	 0.040102,	 0.000972,	 0.000067,	 46.696965
	 0.072071,	 0.039773,	 0.000222,	 0.000061,	 46.809260
	 0.071054,	 0.040501,	 0.001064,	 0.000056,	 46.922114
	 0.072531,	 0.040211,	 0.000229,	 0.000052,	 47.035297
	 0.074330,	 0.040141,	 0.001018,	 0.000057,	 47.151015
	 0.076382,	 0.040461,	 0.000213,	 0.000052,	 47.268272
	 0.077451,	 0.039991,	 0.001004,	 0.000054,	 47.386934
	 0.037728,	 0.040124,	 0.000213,	 0.000058,	 47.465217
	 0.090521,	 0.040047,	 0.001028,	 0.000056,	 47.597059
	 0.076199,	 0.039608,	 0.000231,	 0.000063,	 47.713322
	 0.076889,	 0.039559,	 0.000999,	 0.000054,	 47.831011
	 0.075589,	 0.040365,	 0.000234,	 0.000061,	 47.947417
	 0.078440,	 0.039894,	 0.001045,	 0.000058,	 48.067039
	 0.054513,	 0.040305,	 0.000214,	 0.000066,	 48.162305
	 0.066535,	 0.039940,	 0.000989,	 0.000055,	 48.270010
	 0.085700,	 0.048885,	 0.000236,	 0.000057,	 48.405039
	 0.070609,	 0.040047,	 0.000988,	 0.000055,	 48.516919
	 0.077310,	 0.039615,	 0.000240,	 0.000069,	 48.634318
	 0.080635,	 0.039871,	 0.000966,	 0.000052,	 48.756023
	 0.083874,	 0.039952,	 0.000220,	 0.000064,	 48.880303
	 0.066324,	 0.040164,	 0.001058,	 0.000055,	 48.988092
	 0.083980,	 0.039923,	 0.000214,	 0.000059,	 49.112427
	 0.065891,	 0.040490,	 0.000978,	 0.000065,	 49.220018
	 0.069521,	 0.040229,	 0.000233,	 0.000060,	 49.330222
	 0.060751,	 0.039813,	 0.000989,	 0.000055,	 49.431999
	 0.034151,	 0.039658,	 0.000214,	 0.000045,	 49.506212
	 0.082422,	 0.040129,	 0.000872,	 0.000055,	 49.629844
	 0.097278,	 0.039708,	 0.000225,	 0.000064,	 49.767291
	 0.066560,	 0.039867,	 0.000915,	 0.000054,	 49.874863

	Waiting,	Receiving data,	Solving systems,	Sending data,	Total
	 0.046446,	 0.000109,
	Waiting,	Receiving data,	Solving systems,	Sending data,	Total
	 0.027167,	 0.001952,	 0.078849,	 0.000070,	 7.950920
	 0.077783,	 0.003444,	 0.001538,	 0.000056,	 8.033925
	 0.067803,	 0.040068,
	Waiting,	Receiving data,	Solving systems,	Sending data,	Total
	 0.026204,	 0.001743,	 0.002319,	 0.000062,	 4.560893
	 0.052135,	 0.045831,	 0.001118,	 0.000054,	 4.660208
	 0.053861,	 0.040819,
	Waiting,	Receiving data,	Solving systems,	Sending data,	Total
	 0.028485,	 0.008052,	 0.001335,	 0.000059,	 10.905935
	 0.062910,	 0.040364,	 0.000815,	 0.000055,	 11.010275
	 0.062455,	 0.000481,	 0.001150,	 0.000063,	 11.083062
	 0.053510,	 0.042369,	 0.000788,	 0.000080,	 11.179992
	 0.046240,	 0.041066,	 0.000782,	 0.000054,	 11.268323
	 0.054509,	 0.040429,	 0.000805,	 0.000055,	 11.364296
	 0.079034,	 0.040810,	 0.000943,	 0.000052,	 11.485306
	 0.050367,	 0.040565,	 0.000784,	 0.000053,	 11.577248
	 0.048646,	 0.040301,	 0.000787,	 0.000053,	 11.667224
	 0.056087,	 0.041004,	 0.000786,	 0.000054,	 11.765318
	 0.058182,	 0.040652,	 0.000955,	 0.000052,	 11.865333
	 0.079944,	 0.040810,	 0.000781,	 0.000055,	 11.987096
	 0.060903,	 0.040327,	 0.000805,	 0.000053,	 12.089346
	 0.051638,	 0.051912,	 0.000773,	 0.000054,	 12.193896
	 0.067979,	 0.040324,	 0.000936,	 0.000053,	 12.303352
	 0.065689,	 0.041176,	 0.000786,	 0.000054,	 12.411232
	 0.053521,	 0.040473,	 0.000783,	 0.000055,	 12.506239
	 0.051142,	 0.040735,	 0.000790,	 0.000053,	 12.599134
	 0.052465,	 0.040562,	 0.000951,	 0.000051,	 12.693338
	 0.062737,	 0.040104,	 0.000824,	 0.000053,	 12.797242
	 0.052483,	 0.040406,	 0.000801,	 0.000054,	 12.891160
	 0.057663,	 0.039974,	 0.000782,	 0.000053,	 12.989808
	 0.071073,	 0.040099,	 0.000943,	 0.000054,	 13.102163
	 0.062969,	 0.041035,	 0.000839,	 0.000053,	 13.207232
	 0.057443,	 0.040556,	 0.000789,	 0.000053,	 13.306250
	 0.053910,	 0.040707,	 0.000773,	 0.000055,	 13.401881
	 0.062983,	 0.040228,	 0.000938,	 0.000051,	 13.506243
	 0.227884,	 0.041114,	 0.000781,	 0.000054,	 13.776236
	 0.058592,	 0.040396,	 0.000792,	 0.000053,	 13.876270
	 0.053702,	 0.040137,	 0.000797,	 0.000053,	 13.971131
	 0.051871,	 0.040086,	 0.000955,	 0.000052,	 14.064270
	 0.042043,	 0.040879,	 0.000785,	 0.000053,	 14.148192
	 0.053584,	 0.040394,	 0.000790,	 0.000053,	 14.243186
	 0.056645,	 0.040351,	 0.000786,	 0.000053,	 14.341193
	 0.078538,	 0.040488,	 0.000942,	 0.000053,	 14.461378
	 0.062778,	 0.040676,	 0.000772,	 0.000053,	 14.565842
	 0.053845,	 0.040581,	 0.000789,	 0.000053,	 14.661271
	 0.055654,	 0.039927,	 0.000780,	 0.000055,	 14.757875
	 0.063800,	 0.040516,	 0.001204,	 0.000052,	 14.863614
	 0.070957,	 0.040559,	 0.000791,	 0.000055,	 14.976148
	 0.063637,	 0.040475,	 0.000787,	 0.000054,	 15.081275
	 0.052761,	 0.040255,	 0.000798,	 0.000053,	 15.175316
	 0.063387,	 0.040421,	 0.000935,	 0.000052,	 15.280287
	 0.082693,	 0.039918,	 0.000768,	 0.000053,	 15.403892
	 0.048673,	 0.040417,	 0.000764,	 0.000070,	 15.493990
	 0.056577,	 0.040912,	 0.000805,	 0.000053,	 15.592509
	 0.064100,	 0.040441,	 0.000947,	 0.000051,	 15.698222
	 0.034564,	 0.040115,	 0.000783,	 0.000053,	 15.773897
	 0.051543,	 0.040813,	 0.000784,	 0.000053,	 15.867251
	 0.053287,	 0.040643,	 0.000784,	 0.000052,	 15.962177
	 0.074413,	 0.040664,	 0.000940,	 0.000052,	 16.078405
	 0.081723,	 0.044794,	 0.000770,	 0.000054,	 16.205919
	 0.051606,	 0.040694,	 0.000788,	 0.000053,	 16.299260
	 0.042743,	 0.040163,	 0.000820,	 0.000067,	 16.383229
	 0.074742,	 0.040121,	 0.000975,	 0.000054,	 16.499303
	 0.060083,	 0.040778,	 0.000813,	 0.000057,	 16.601204
	 0.056874,	 0.041122,	 0.000816,	 0.000055,	 16.700241
	 0.054624,	 0.040416,	 0.000820,	 0.000056,	 16.796326
	 0.067088,	 0.040770,	 0.000955,	 0.000052,	 16.905356
	 0.074094,	 0.040686,	 0.000801,	 0.000054,	 17.021167
	 0.054263,	 0.040876,	 0.000780,	 0.000053,	 17.117303
	 0.054505,	 0.040335,	 0.000785,	 0.000055,	 17.213157
	 0.063736,	 0.039847,	 0.000967,	 0.000057,	 17.317953
	 0.056088,	 0.041175,	 0.000794,	 0.000053,	 17.416228
	 0.060108,	 0.040500,	 0.000777,	 0.000053,	 17.517852
	 0.054097,	 0.040154,	 0.000795,	 0.000054,	 17.613127
	 0.052320,	 0.040791,	 0.000938,	 0.000053,	 17.707392
	 0.094652,	 0.041108,	 0.000775,	 0.000055,	 17.844158
	 0.045714,	 0.040198,	 0.000785,	 0.000053,	 17.931083
	 0.042402,	 0.040727,	 0.000782,	 0.000053,	 18.015221
	 0.053282,	 0.040279,	 0.000950,	 0.000058,	 18.109965
	 0.061137,	 0.041078,	 0.000788,	 0.000054,	 18.213196
	 0.047214,	 0.040491,	 0.000786,	 0.000058,	 18.301916
	 0.041714,	 0.040535,	 0.000788,	 0.000054,	 18.385204
	 0.060788,	 0.040142,	 0.000927,	 0.000052,	 18.487287
	 0.074339,	 0.040583,	 0.000787,	 0.000054,	 18.603211
	 0.063466,	 0.040603,	 0.000783,	 0.000053,	 18.708290
	 0.052305,	 0.040648,	 0.000788,	 0.000054,	 18.802249
	 0.063373,	 0.040498,	 0.000971,	 0.000058,	 18.907324
	 0.073050,	 0.064111,	 0.000826,	 0.000053,	 19.045525
	 0.047565,	 0.041137,	 0.000805,	 0.000054,	 19.135267
	 0.057819,	 0.041120,	 0.000782,	 0.000053,	 19.235212
	 0.080670,	 0.040326,	 0.000949,	 0.000051,	 19.357383
	 0.078196,	 0.040669,	 0.000794,	 0.000054,	 19.477256
	 0.058435,	 0.040563,	 0.000794,	 0.000053,	 19.577263
	 0.053731,	 0.040267,	 0.000821,	 0.000054,	 19.672298
	 0.052581,	 0.040280,	 0.000962,	 0.000053,	 19.766350
	 0.069733,	 0.041031,	 0.000783,	 0.000053,	 19.878123
	 0.058243,	 0.040799,	 0.000783,	 0.000053,	 19.978176
	 0.054074,	 0.040909,	 0.000802,	 0.000054,	 20.074192
	 0.056884,	 0.041107,	 0.000962,	 0.000052,	 20.173373
	 0.067696,	 0.041131,	 0.000787,	 0.000054,	 20.283216
	 0.054361,	 0.040660,	 0.000784,	 0.000054,	 20.379251
	 0.054470,	 0.040512,	 0.000787,	 0.000053,	 20.475247
	 0.057345,	 0.040531,	 0.000951,	 0.000052,	 20.574291
	 0.038455,	 0.040473,	 0.000787,	 0.000055,	 20.654223
	 0.046675,	 0.040333,	 0.000789,	 0.000054,	 20.742262
	 0.055389,	 0.040621,	 0.000782,	 0.000069,	 20.839298
	 0.057834,	 0.040895,	 0.000929,	 0.000052,	 20.939197
	 0.044897,	 0.041618,	 0.000794,	 0.000053,	 21.026720
	 0.059575,	 0.041010,	 0.000783,	 0.000054,	 21.128300
	 0.055128,	 0.040850,	 0.000789,	 0.000054,	 21.225309
	 0.062088,	 0.040721,	 0.000973,	 0.000051,	 21.329315
	 0.065446,	 0.040457,	 0.000793,	 0.000060,	 21.436238
	 0.050860,	 0.041121,	 0.000789,	 0.000053,	 21.529225
	 0.054710,	 0.040185,	 0.000784,	 0.000055,	 21.625136
	 0.051054,	 0.040956,	 0.000940,	 0.000053,	 21.718301
	 0.047455,	 0.040398,	 0.000798,	 0.000053,	 21.807176
	 0.049808,	 0.040064,	 0.000918,	 0.000070,	 21.898303
	 0.055860,	 0.040991,	 0.000829,	 0.000054,	 21.996209
	 0.066969,	 0.040917,	 0.001025,	 0.000052,	 22.105349
	 0.070885,	 0.040936,	 0.000791,	 0.000056,	 22.218190
	 0.056615,	 0.040389,	 0.000793,	 0.000054,	 22.316212
	 0.055221,	 0.040879,	 0.000789,	 0.000053,	 22.413317
	 0.061736,	 0.039998,	 0.000967,	 0.000052,	 22.516243
	 0.063033,	 0.040872,	 0.000782,	 0.000053,	 22.621156
	 0.051469,	 0.040613,	 0.000803,	 0.000054,	 22.714256
	 0.042124,	 0.040882,	 0.000790,	 0.000056,	 22.798271
	 0.062143,	 0.040723,	 0.000943,	 0.000052,	 22.902293
	 0.060636,	 0.040269,	 0.000793,	 0.000053,	 23.004206
	 0.057597,	 0.040416,	 0.000785,	 0.000054,	 23.103230
	 0.055196,	 0.040786,	 0.000794,	 0.000055,	 23.200235
	 0.070365,	 0.040236,	 0.000933,	 0.000053,	 23.312015
	 0.079673,	 0.040524,	 0.000802,	 0.000053,	 23.433239
	 0.061706,	 0.040306,	 0.000831,	 0.000053,	 23.536309
	 0.053989,	 0.040605,	 0.000768,	 0.000055,	 23.631899
	 0.060607,	 0.040601,	 0.000945,	 0.000052,	 23.734277
	 0.059996,	 0.040931,	 0.000857,	 0.000053,	 23.836276
	 0.057865,	 0.041090,	 0.000813,	 0.000056,	 23.936263
	 0.055311,	 0.049896,	 0.000792,	 0.000053,	 24.042490
	 0.067044,	 0.040528,	 0.000934,	 0.000052,	 24.151222
	 0.063194,	 0.040736,	 0.000787,	 0.000055,	 24.256167
	 0.056340,	 0.040758,	 0.000789,	 0.000054,	 24.354269
	 0.054525,	 0.040396,	 0.000791,	 0.000053,	 24.450207
	 0.065860,	 0.041025,	 0.000961,	 0.000054,	 24.558279
	 0.040922,	 0.040984,	 0.000823,	 0.000054,	 24.641221
	 0.060512,	 0.040519,	 0.000787,	 0.000054,	 24.743267
	 0.051604,	 0.040320,	 0.000810,	 0.000054,	 24.836228
	 0.061892,	 0.041013,	 0.000980,	 0.000052,	 24.940339
	 0.079172,	 0.040588,	 0.000788,	 0.000055,	 25.061116
	 0.057317,	 0.040983,	 0.000793,	 0.000054,	 25.160425
	 0.050396,	 0.040309,	 0.000796,	 0.000054,	 25.252154
	 0.057221,	 0.040712,	 0.000944,	 0.000052,	 25.351259
	 0.056495,	 0.040270,	 0.000769,	 0.000055,	 25.449033
	 0.056526,	 0.040715,	 0.000784,	 0.000055,	 25.547275
	 0.048843,	 0.041112,	 0.000798,	 0.000055,	 25.638254
	 0.062605,	 0.040239,	 0.000984,	 0.000052,	 25.742308
	 0.049823,	 0.041022,	 0.000783,	 0.000055,	 25.834163
	 0.052543,	 0.040644,	 0.000791,	 0.000054,	 25.928359
	 0.054004,	 0.040728,	 0.000783,	 0.000052,	 26.024100
	 0.051889,	 0.040116,	 0.000949,	 0.000052,	 26.117279
	 0.035082,	 0.040790,	 0.000781,	 0.000059,	 26.194161
	 0.043678,	 0.040339,	 0.000791,	 0.000053,	 26.279193
	 0.057865,	 0.041239,	 0.000794,	 0.000052,	 26.379317
	 0.077570,	 0.040292,	 0.000943,	 0.000052,	 26.498350
	 0.070732,	 0.041119,	 0.000815,	 0.000053,	 26.611230
	 0.060422,	 0.040696,	 0.000783,	 0.000055,	 26.713348
	 0.055591,	 0.040389,	 0.000792,	 0.000054,	 26.810338
	 0.063571,	 0.040220,	 0.000961,	 0.000054,	 26.915327
	 0.080683,	 0.041657,	 0.000790,	 0.000054,	 27.038674
	 0.064349,	 0.041202,	 0.000812,	 0.000056,	 27.145267
	 0.056766,	 0.041304,	 0.000789,	 0.000053,	 27.244341
	 0.077599,	 0.040334,	 0.000942,	 0.000054,	 27.363435
	 0.084849,	 0.040918,	 0.000791,	 0.000054,	 27.490208
	 0.054901,	 0.041127,	 0.000794,	 0.000053,	 27.587257
	 0.052755,	 0.040157,	 0.000800,	 0.000054,	 27.681196
	 0.079599,	 0.040276,	 0.000947,	 0.000052,	 27.802246
	 0.059734,	 0.040235,	 0.000785,	 0.000055,	 27.903229
	 0.057953,	 0.040961,	 0.000787,	 0.000053,	 28.003154
	 0.069533,	 0.040458,	 0.000781,	 0.000053,	 28.114153
	 0.059522,	 0.040547,	 0.000950,	 0.000051,	 28.215384
	 0.073328,	 0.040476,	 0.000796,	 0.000053,	 28.330210
	 0.046783,	 0.040182,	 0.000783,	 0.000053,	 28.418183
	 0.055581,	 0.040643,	 0.000771,	 0.000055,	 28.515396
	 0.060031,	 0.041155,	 0.000948,	 0.000052,	 28.617773
	 0.035365,	 0.040996,	 0.000792,	 0.000052,	 28.695149
	 0.051895,	 0.041167,	 0.000795,	 0.000053,	 28.789230
	 0.055259,	 0.040757,	 0.000797,	 0.000053,	 28.886256
	 0.077251,	 0.040556,	 0.000940,	 0.000051,	 29.005225
	 0.036433,	 0.041390,	 0.000790,	 0.000065,	 29.084075
	 0.062980,	 0.041143,	 0.000784,	 0.000054,	 29.189208
	 0.056174,	 0.040782,	 0.000798,	 0.000053,	 29.287189
	 0.070958,	 0.040929,	 0.000948,	 0.000052,	 29.400249
	 0.066646,	 0.040200,	 0.000796,	 0.000053,	 29.508131
	 0.061631,	 0.040423,	 0.000782,	 0.000054,	 29.611191
	 0.050546,	 0.040483,	 0.000787,	 0.000051,	 29.703220
	 0.057954,	 0.040968,	 0.000949,	 0.000343,	 29.803596
	 0.061994,	 0.040573,	 0.000788,	 0.000052,	 29.907185
	 0.062779,	 0.040169,	 0.000793,	 0.000052,	 30.011150
	 0.051959,	 0.041001,	 0.000794,	 0.000053,	 30.105138
	 0.051928,	 0.041008,	 0.000937,	 0.000052,	 30.199234
	 0.034482,	 0.040560,	 0.000789,	 0.000053,	 30.275278
	 0.053674,	 0.040242,	 0.000807,	 0.000053,	 30.370229
	 0.056285,	 0.040768,	 0.000788,	 0.000053,	 30.468297
	 0.065929,	 0.040901,	 0.000954,	 0.000052,	 30.576297
	 0.041181,	 0.040692,	 0.000801,	 0.000054,	 30.659187
	 0.056756,	 0.040287,	 0.000787,	 0.000053,	 30.757246
	 0.054876,	 0.041125,	 0.000787,	 0.000054,	 30.854251
	 0.065071,	 0.040804,	 0.000946,	 0.000051,	 30.961299
	 0.065281,	 0.040583,	 0.000788,	 0.000052,	 31.068177
	 0.046034,	 0.041008,	 0.000790,	 0.000053,	 31.156238
	 0.057716,	 0.040230,	 0.000803,	 0.000054,	 31.255216
	 0.064232,	 0.040813,	 0.000958,	 0.000051,	 31.361433
	 0.075968,	 0.040753,	 0.000791,	 0.000054,	 31.479171
	 0.053311,	 0.040756,	 0.000785,	 0.000053,	 31.574238
	 0.055768,	 0.040097,	 0.000813,	 0.000053,	 31.671155
	 0.059464,	 0.040451,	 0.000974,	 0.000053,	 31.772273
	 0.065310,	 0.040559,	 0.000793,	 0.000054,	 31.879163
	 0.057668,	 0.040293,	 0.000808,	 0.000053,	 31.978158
	 0.053089,	 0.040918,	 0.000791,	 0.000053,	 32.073181
	 0.064430,	 0.040586,	 0.000943,	 0.000052,	 32.179355
	 0.068862,	 0.040919,	 0.000788,	 0.000053,	 32.290149
	 0.067861,	 0.040328,	 0.000785,	 0.000054,	 32.399339
	 0.055349,	 0.040574,	 0.000796,	 0.000053,	 32.496285
	 0.078945,	 0.040822,	 0.000957,	 0.000053,	 32.617236
	 0.038917,	 0.041039,	 0.000795,	 0.000054,	 32.698203
	 0.061640,	 0.040376,	 0.000791,	 0.000054,	 32.801238
	 0.054760,	 0.040246,	 0.000829,	 0.000058,	 32.897311
	 0.078795,	 0.041407,	 0.001292,	 0.000054,	 33.019054
	 0.036005,	 0.041108,	 0.000807,	 0.000055,	 33.097201
	 0.063293,	 0.040793,	 0.000799,	 0.000053,	 33.202300
	 0.055032,	 0.040979,	 0.000806,	 0.000053,	 33.299333
	 0.077677,	 0.039962,	 0.000960,	 0.000051,	 33.418157
	 0.058966,	 0.041121,	 0.000788,	 0.000058,	 33.519250
	 0.059595,	 0.040413,	 0.000788,	 0.000054,	 33.620259
	 0.053495,	 0.040381,	 0.000792,	 0.000053,	 33.715152
	 0.057321,	 0.040690,	 0.000974,	 0.000052,	 33.814364
	 0.060695,	 0.040129,	 0.000791,	 0.000053,	 33.916191
	 0.048221,	 0.040714,	 0.000793,	 0.000053,	 34.006146
	 0.053214,	 0.040866,	 0.000792,	 0.000056,	 34.101238
	 0.078028,	 0.040761,	 0.000960,	 0.000076,	 34.221238

	Waiting,	Receiving data,	Solving systems,	Sending data,	Total
	 0.026218,	 0.002106,	 0.001928,	 0.000065,	 7.164537
	 0.056697,	 0.040177,	 0.001283,	 0.000056,	 7.262924
	 0.066767,	 0.000421,	 0.001602,	 0.000052,	 7.333968
	 0.044575,	 0.040872,	 0.001175,	 0.000054,	 7.420814
	 0.055798,	 0.043798,	 0.001170,	 0.000053,	 7.521790
	 0.067771,	 0.040864,	 0.001208,	 0.000055,	 7.631857
	 0.060797,	 0.040704,	 0.001299,	 0.000051,	 7.734867
	 0.059586,	 0.040984,	 0.001174,	 0.000053,	 7.836834
	 0.056071,	 0.040594,	 0.001247,	 0.000056,	 7.934985
	 0.056850,	 0.040535,	 0.001177,	 0.000053,	 8.033769
	 0.051508,	 0.041040,	 0.001420,	 0.000053,	 8.127950
	 0.034423,	 0.041044,	 0.001166,	 0.000055,	 8.204810
	 0.057531,	 0.041120,	 0.001241,	 0.000053,	 8.304926
	 0.056485,	 0.041074,	 0.001257,	 0.000056,	 8.403957
	 0.065989,	 0.053231,	 0.001302,	 0.000052,	 8.524691
	 0.050010,	 0.040759,	 0.001205,	 0.000053,	 8.616892
	 0.062376,	 0.040163,	 0.001252,	 0.000067,	 8.720909
	 0.057531,	 0.041049,	 0.001208,	 0.000054,	 8.820909
	 0.052507,	 0.040948,	 0.001299,	 0.000052,	 8.915883
	 0.058262,	 0.040270,	 0.001214,	 0.000053,	 9.015853
	 0.049077,	 0.040535,	 0.001255,	 0.000053,	 9.106929
	 0.056701,	 0.040832,	 0.001195,	 0.000052,	 9.205867
	 0.084681,	 0.040835,	 0.001322,	 0.000053,	 9.332917
	 0.034130,	 0.040440,	 0.001200,	 0.000053,	 9.408897
	 0.060279,	 0.046740,	 0.001132,	 0.000070,	 9.517307
	 0.047353,	 0.040789,	 0.001195,	 0.000053,	 9.606858
	 0.070423,	 0.041029,	 0.001304,	 0.000052,	 9.719836
	 0.036122,	 0.040121,	 0.001133,	 0.000072,	 9.797480
	 0.069575,	 0.040398,	 0.001207,	 0.000053,	 9.908874
	 0.058275,	 0.040194,	 0.001259,	 0.000069,	 10.008877
	 0.078039,	 0.040437,	 0.001324,	 0.000052,	 10.128900
	 0.046218,	 0.040700,	 0.001136,	 0.000054,	 10.217178
	 0.066009,	 0.040165,	 0.001154,	 0.000055,	 10.324769
	 0.046583,	 0.040937,	 0.001189,	 0.000056,	 10.413694
	 0.058907,	 0.040797,	 0.001297,	 0.000052,	 10.514930
	 0.036356,	 0.041097,	 0.001158,	 0.000053,	 10.593764
	 0.053266,	 0.040442,	 0.001208,	 0.000053,	 10.688892
	 0.057184,	 0.040373,	 0.001168,	 0.000053,	 10.787839
	 0.068780,	 0.040746,	 0.001527,	 0.000052,	 10.899103
	 0.044879,	 0.040353,	 0.001141,	 0.000054,	 10.985701
	 0.046946,	 0.040780,	 0.001251,	 0.000053,	 11.074914
	 0.056678,	 0.040459,	 0.001158,	 0.000072,	 11.173466
	 0.082122,	 0.040691,	 0.001320,	 0.000065,	 11.297840
	 0.055426,	 0.040195,	 0.001256,	 0.000056,	 11.394949
	 0.055610,	 0.040779,	 0.001137,	 0.000054,	 11.492700
	 0.058646,	 0.041028,	 0.001195,	 0.000054,	 11.593804
	 0.070753,	 0.040673,	 0.001333,	 0.000052,	 11.706785
	 0.077790,	 0.040906,	 0.001205,	 0.000053,	 11.826897
	 0.063732,	 0.040712,	 0.001150,	 0.000056,	 11.932718
	 0.055944,	 0.040790,	 0.001199,	 0.000053,	 12.030875
	 0.076969,	 0.040151,	 0.001422,	 0.000056,	 12.149662
	 0.083750,	 0.040938,	 0.001473,	 0.000054,	 12.276074
	 0.061025,	 0.040272,	 0.001225,	 0.000054,	 12.378831
	 0.057370,	 0.040416,	 0.001295,	 0.000056,	 12.478139
	 0.057225,	 0.053048,	 0.001391,	 0.000052,	 12.590027
	 0.048595,	 0.040880,	 0.001207,	 0.000055,	 12.680923
	 0.073637,	 0.040883,	 0.001172,	 0.000054,	 12.796828
	 0.055910,	 0.040718,	 0.001201,	 0.000054,	 12.894882
	 0.067239,	 0.040132,	 0.001322,	 0.000052,	 13.003811
	 0.037115,	 0.040424,	 0.001141,	 0.000052,	 13.082713
	 0.056921,	 0.040806,	 0.001179,	 0.000053,	 13.181831
	 0.056530,	 0.041115,	 0.001259,	 0.000066,	 13.280974
	 0.066990,	 0.040051,	 0.001311,	 0.000052,	 13.389540
	 0.042857,	 0.041135,	 0.001196,	 0.000054,	 13.474941
	 0.053939,	 0.047115,	 0.001196,	 0.000061,	 13.577417
	 0.061081,	 0.040860,	 0.001239,	 0.000064,	 13.680845
	 0.056995,	 0.040483,	 0.001317,	 0.000052,	 13.779876
	 0.035687,	 0.040971,	 0.001275,	 0.000070,	 13.858051
	 0.056635,	 0.040711,	 0.001162,	 0.000054,	 13.956775
	 0.052608,	 0.041043,	 0.001195,	 0.000054,	 14.051833
	 0.066278,	 0.040304,	 0.001306,	 0.000052,	 14.159958
	 0.081651,	 0.040842,	 0.001241,	 0.000054,	 14.283904
	 0.062869,	 0.040745,	 0.001242,	 0.000054,	 14.388972
	 0.052736,	 0.040718,	 0.001174,	 0.000053,	 14.483823
	 0.059581,	 0.044463,	 0.001333,	 0.000065,	 14.589429
	 0.043551,	 0.040467,	 0.001163,	 0.000053,	 14.674822
	 0.053491,	 0.040135,	 0.001166,	 0.000053,	 14.769840
	 0.056942,	 0.040702,	 0.001259,	 0.000053,	 14.868976
	 0.068801,	 0.040571,	 0.001319,	 0.000053,	 14.979879
	 0.035664,	 0.040869,	 0.001246,	 0.000053,	 15.057883
	 0.055933,	 0.040624,	 0.001226,	 0.000054,	 15.155880
	 0.057520,	 0.041080,	 0.001160,	 0.000054,	 15.255853
	 0.081909,	 0.040598,	 0.001305,	 0.000052,	 15.379877
	 0.069672,	 0.040933,	 0.001199,	 0.000054,	 15.491892
	 0.070006,	 0.040573,	 0.001273,	 0.000053,	 15.603956
	 0.056706,	 0.040767,	 0.001176,	 0.000055,	 15.702831
	 0.067601,	 0.040903,	 0.001284,	 0.000053,	 15.812832
	 0.037849,	 0.040760,	 0.001164,	 0.000054,	 15.892819
	 0.058066,	 0.040477,	 0.001135,	 0.000054,	 15.992720
	 0.053724,	 0.040956,	 0.001174,	 0.000055,	 16.088824
	 0.050927,	 0.040626,	 0.001399,	 0.000052,	 16.181989
	 0.073947,	 0.040488,	 0.001171,	 0.000053,	 16.297807
	 0.065045,	 0.040626,	 0.001254,	 0.000053,	 16.404942
	 0.057783,	 0.040671,	 0.001178,	 0.000053,	 16.504797
	 0.049680,	 0.040833,	 0.001288,	 0.000051,	 16.596820
	 0.035228,	 0.040409,	 0.001167,	 0.000055,	 16.673837
	 0.060678,	 0.040930,	 0.001165,	 0.000054,	 16.776821
	 0.056357,	 0.040252,	 0.001173,	 0.000054,	 16.874817
	 0.070567,	 0.041043,	 0.001307,	 0.000052,	 16.987945
	 0.069972,	 0.040448,	 0.001230,	 0.000053,	 17.099828
	 0.052780,	 0.040834,	 0.001164,	 0.000054,	 17.194830
	 0.055057,	 0.040451,	 0.001167,	 0.000053,	 17.291717
	 0.072112,	 0.040519,	 0.001307,	 0.000053,	 17.405878
	 0.034785,	 0.040776,	 0.001177,	 0.000053,	 17.482839
	 0.054854,	 0.049751,	 0.001178,	 0.000053,	 17.588845
	 0.061849,	 0.040761,	 0.001247,	 0.000053,	 17.692914
	 0.059932,	 0.040485,	 0.001292,	 0.000052,	 17.794847
	 0.073066,	 0.040540,	 0.001241,	 0.000053,	 17.909929
	 0.060097,	 0.040411,	 0.001207,	 0.000055,	 18.011863
	 0.055762,	 0.040741,	 0.001202,	 0.000054,	 18.109787
	 0.051079,	 0.040459,	 0.001313,	 0.000053,	 18.202863
	 0.061970,	 0.040628,	 0.001239,	 0.000054,	 18.306911
	 0.064609,	 0.040825,	 0.001173,	 0.000053,	 18.413742
	 0.055521,	 0.054456,	 0.001330,	 0.000058,	 18.525296
	 0.075076,	 0.041016,	 0.001307,	 0.000052,	 18.642912
	 0.035355,	 0.041252,	 0.001275,	 0.000055,	 18.721021
	 0.050440,	 0.040939,	 0.001173,	 0.000054,	 18.813798
	 0.056418,	 0.040195,	 0.001171,	 0.000055,	 18.911807
	 0.052800,	 0.040671,	 0.001290,	 0.000052,	 19.006791
	 0.034877,	 0.040671,	 0.001130,	 0.000053,	 19.083694
	 0.057574,	 0.041105,	 0.001217,	 0.000068,	 19.183843
	 0.056430,	 0.041191,	 0.001205,	 0.000054,	 19.282907
	 0.066947,	 0.040215,	 0.001412,	 0.000066,	 19.391744
	 0.045600,	 0.041137,	 0.001218,	 0.000056,	 19.479929
	 0.047998,	 0.046060,	 0.001220,	 0.000070,	 19.575452
	 0.065346,	 0.040687,	 0.001194,	 0.000053,	 19.682892
	 0.053926,	 0.040525,	 0.001303,	 0.000051,	 19.778868
	 0.034554,	 0.041067,	 0.001258,	 0.000055,	 19.855962
	 0.057680,	 0.040772,	 0.001229,	 0.000054,	 19.955880
	 0.070083,	 0.040387,	 0.001144,	 0.000052,	 20.067717
	 0.052032,	 0.040545,	 0.001291,	 0.000051,	 20.161808
	 0.034105,	 0.040526,	 0.001169,	 0.000053,	 20.237822
	 0.059921,	 0.040610,	 0.001133,	 0.000053,	 20.339708
	 0.061789,	 0.040938,	 0.001253,	 0.000056,	 20.443904
	 0.075406,	 0.040946,	 0.001311,	 0.000053,	 20.561794
	 0.037884,	 0.040750,	 0.001237,	 0.000054,	 20.641878
	 0.056804,	 0.040872,	 0.001269,	 0.000053,	 20.741034
	 0.056969,	 0.040455,	 0.001191,	 0.000053,	 20.839873
	 0.066361,	 0.040095,	 0.001295,	 0.000052,	 20.947848
	 0.035644,	 0.040846,	 0.001221,	 0.000055,	 21.025795
	 0.052310,	 0.040273,	 0.001203,	 0.000053,	 21.119805
	 0.054695,	 0.040980,	 0.001225,	 0.000056,	 21.216920
	 0.062563,	 0.040907,	 0.001295,	 0.000051,	 21.321907
	 0.084813,	 0.040703,	 0.001189,	 0.000052,	 21.448834
	 0.072851,	 0.055392,	 0.001130,	 0.000068,	 21.578473
	 0.052644,	 0.040279,	 0.001174,	 0.000054,	 21.672820
	 0.049502,	 0.041083,	 0.001315,	 0.000051,	 21.764931
	 0.034056,	 0.040439,	 0.001171,	 0.000053,	 21.840819
	 0.061354,	 0.040225,	 0.001230,	 0.000053,	 21.943867
	 0.057262,	 0.040225,	 0.001172,	 0.000052,	 22.042760
	 0.088388,	 0.040213,	 0.001309,	 0.000052,	 22.172921
	 0.079914,	 0.040563,	 0.001168,	 0.000054,	 22.294788
	 0.055862,	 0.040798,	 0.001179,	 0.000054,	 22.392840
	 0.064397,	 0.040232,	 0.001177,	 0.000054,	 22.498859
	 0.063564,	 0.047472,	 0.001360,	 0.000068,	 22.611494
	 0.048339,	 0.040600,	 0.001165,	 0.000053,	 22.701822
	 0.065551,	 0.041454,	 0.001134,	 0.000054,	 22.810172
	 0.056524,	 0.040727,	 0.001173,	 0.000053,	 22.908823
	 0.061525,	 0.040865,	 0.001361,	 0.000053,	 23.012789
	 0.036757,	 0.040958,	 0.001271,	 0.000053,	 23.091998
	 0.061216,	 0.040191,	 0.001399,	 0.000057,	 23.195049
	 0.041336,	 0.044166,	 0.001242,	 0.000055,	 23.282033
	 0.082064,	 0.040200,	 0.001379,	 0.000053,	 23.405956
	 0.036014,	 0.040539,	 0.001278,	 0.000054,	 23.484013
	 0.055816,	 0.040546,	 0.001178,	 0.000053,	 23.581776
	 0.057525,	 0.041166,	 0.001214,	 0.000053,	 23.681893
	 0.079989,	 0.040398,	 0.001309,	 0.000051,	 23.803811
	 0.073956,	 0.040665,	 0.001167,	 0.000055,	 23.919822
	 0.052421,	 0.040104,	 0.001173,	 0.000053,	 24.013742
	 0.055392,	 0.040435,	 0.001236,	 0.000053,	 24.111032
	 0.070173,	 0.040083,	 0.001340,	 0.000052,	 24.222852
	 0.047234,	 0.040370,	 0.001175,	 0.000053,	 24.311841
	 0.055871,	 0.040449,	 0.001173,	 0.000067,	 24.409576
	 0.060987,	 0.040784,	 0.001133,	 0.000055,	 24.512706
	 0.057540,	 0.040094,	 0.001313,	 0.000052,	 24.611864
	 0.033841,	 0.040737,	 0.001181,	 0.000069,	 24.687850
	 0.070853,	 0.040754,	 0.001272,	 0.000067,	 24.800986
	 0.070560,	 0.040907,	 0.001207,	 0.000053,	 24.913876
	 0.072235,	 0.040336,	 0.001294,	 0.000052,	 25.027953
	 0.035158,	 0.040343,	 0.001240,	 0.000054,	 25.104906
	 0.070267,	 0.040200,	 0.001166,	 0.000055,	 25.216768
	 0.057147,	 0.040514,	 0.001176,	 0.000052,	 25.315817
	 0.062791,	 0.040820,	 0.001310,	 0.000051,	 25.420950
	 0.058562,	 0.047257,	 0.001169,	 0.000053,	 25.528161
	 0.066271,	 0.040968,	 0.001165,	 0.000054,	 25.636796
	 0.053628,	 0.041091,	 0.001197,	 0.000053,	 25.732923
	 0.060120,	 0.040321,	 0.001307,	 0.000051,	 25.834880
	 0.106710,	 0.040879,	 0.001168,	 0.000053,	 25.983849
	 0.048678,	 0.040842,	 0.001243,	 0.000066,	 26.074850
	 0.056513,	 0.041028,	 0.001177,	 0.000054,	 26.173803
	 0.069284,	 0.040313,	 0.001303,	 0.000051,	 26.284916
	 0.063794,	 0.040695,	 0.001164,	 0.000055,	 26.390784
	 0.056726,	 0.041013,	 0.001194,	 0.000054,	 26.489943
	 0.063202,	 0.040292,	 0.001174,	 0.000053,	 26.594840
	 0.059671,	 0.040901,	 0.001308,	 0.000052,	 26.696934
	 0.081246,	 0.040316,	 0.001240,	 0.000055,	 26.819952
	 0.058868,	 0.040621,	 0.001172,	 0.000053,	 26.920825
	 0.057043,	 0.040531,	 0.001227,	 0.000057,	 27.019855
	 0.067305,	 0.040121,	 0.001300,	 0.000052,	 27.128810
	 0.055034,	 0.040531,	 0.001164,	 0.000055,	 27.225762
	 0.057066,	 0.040652,	 0.001239,	 0.000056,	 27.324945
	 0.069993,	 0.040511,	 0.001178,	 0.000054,	 27.436839
	 0.067764,	 0.054997,	 0.001292,	 0.000051,	 27.561102
	 0.038154,	 0.040175,	 0.001251,	 0.000055,	 27.640897
	 0.058087,	 0.040537,	 0.001192,	 0.000053,	 27.740925
	 0.055714,	 0.040802,	 0.001173,	 0.000053,	 27.838835
	 0.066652,	 0.040869,	 0.001363,	 0.000055,	 27.947935
	 0.078632,	 0.040839,	 0.001247,	 0.000065,	 28.068890
	 0.052325,	 0.040232,	 0.001195,	 0.000052,	 28.162863
	 0.058576,	 0.041069,	 0.001249,	 0.000052,	 28.263966
	 0.080866,	 0.040463,	 0.001321,	 0.000051,	 28.386838
	 0.084252,	 0.040278,	 0.001165,	 0.000052,	 28.512756
	 0.072123,	 0.040548,	 0.001169,	 0.000055,	 28.626809
	 0.056739,	 0.040951,	 0.001200,	 0.000053,	 28.725909
	 0.075110,	 0.040302,	 0.001305,	 0.000051,	 28.842848
	 0.040618,	 0.040922,	 0.001213,	 0.000054,	 28.925824
	 0.059623,	 0.040982,	 0.001164,	 0.000052,	 29.027804
	 0.056688,	 0.040884,	 0.001209,	 0.000054,	 29.126821
	 0.051360,	 0.040252,	 0.001331,	 0.000052,	 29.219977
	 0.075145,	 0.040327,	 0.001258,	 0.000070,	 29.336961
	 0.067225,	 0.040209,	 0.001211,	 0.000053,	 29.445843
	 0.055652,	 0.040896,	 0.001234,	 0.000064,	 29.543849
	 0.057228,	 0.040254,	 0.001293,	 0.000052,	 29.642846
	 0.050094,	 0.040573,	 0.001195,	 0.000054,	 29.734919
	 0.055135,	 0.040383,	 0.001246,	 0.000054,	 29.831895
	 0.070006,	 0.040546,	 0.001201,	 0.000052,	 29.943869
	 0.067109,	 0.040295,	 0.001299,	 0.000051,	 30.052795
	 0.035435,	 0.040114,	 0.001151,	 0.000055,	 30.129724
	 0.043248,	 0.040452,	 0.001211,	 0.000053,	 30.214861
	 0.041667,	 0.040943,	 0.001195,	 0.000055,	 30.298891
	 0.067411,	 0.041095,	 0.001303,	 0.000052,	 30.408913
